00679628201535
00679628201542
00679628201559
00679628201573
00679628201580
00679628201597
00679628201603
00679628201610
00679628201627
00679628201634
00679628201641
00679628201658
00679628201665
00679628201672
00679628201689
00679628201702
00679628201719
00679628201733
00679628201740
00679628201757
00679628201764
00679628201771
00679628201788
00679628201795
00679628201801
00679628201818
00679628201825
00679628201832
00679628201849
00679628201863
00679628201870
00679628201887
00679628201894
00679628201900
00679628201917
00679628201924
00679628201931
00679628201948
00679628201955
00679628201962
00679628201979
00679628201993
00679628202006
00679628202013
00679628202020
00679628202037
00679628202044
00679628202051
00679628202068
00679628202075
00679628202082
00679628202099
00679628202112
00679628202129
00679628202143
00679628202150
00679628202167
00679628202174
00679628202181
00679628202198
00679628202204
00679628202211
00679628202228
00679628202235
00679628202242
00679628202259
00679628202273
00679628202280
00679628202297
00679628202303
00679628202310
00679628202327
00679628202334
00679628202341
00679628202358
00679628202365
00679628202372
00679628202389
00679628202402
00679628202419
00679628202433
00679628202440
00679628202457
00679628202464
00679628202471
00679628202488
00679628202495
00679628202501
00679628202518
00679628202525
00679628202532
00679628202549
00679628202563
00679628202570
00679628202587
00679628202594
00679628202600
00679628202617
00679628202624
00679628202631
00679628202648
00679628202655
00679628202662
00679628202679
00679628202693
00679628202709
00679628202723
00679628202730
00679628202747
00679628202754
00679628202761
00679628202778
00679628202785
00679628202792
00679628202808
00679628202815
00679628202822
00679628202839
00679628202853
00679628202860
00679628202877
00679628202884
00679628202891
00679628202907
00679628202914
00679628202921
00679628202938
00679628202945
00679628202952
00679628202969
00679628202983
00679628202990
00679628203003
00679628203010
00679628203027
00679628203034
00679628203041
00679628203058
00679628203065
00679628203072
00679628203089
00679628203102
00679628203119
00679628203133
00679628203140
00679628203157
00679628203164
00679628203171
00679628203188
00679628203195
00679628203201
00679628203218
00679628203225
00679628203232
00679628203249
00679628203263
00679628203270
00679628203287
00679628203294
00679628203300
00679628203317
00679628203324
00679628203331
00679628203348
00679628203355
00679628203362
00679628203379
00679628203393
00679628203409
00679628203423
00679628203430
00679628203447
00679628203454
00679628203461
00679628203478
00679628203485
00679628203492
00679628203508
00679628203515
00679628203522
00679628203539
00679628203553
00679628203560
00679628203577
00679628203584
00679628203591
00679628203607
00679628203614
00679628203621
00679628203638
00679628203645
00679628203652
00679628203669
00679628203683
00679628203690
00679628203706
00679628203713
00679628203720
00679628203737
00679628203744
00679628203751
00679628203768
00679628203775
00679628203782
00679628203799
00679628203812
00679628203829
00679628203843
00679628203850
00679628203867
00679628203874
00679628203881
00679628203898
00679628203904
00679628203911
00679628203928
00679628203935
00679628203942
00679628203959
00679628203973
00679628203980
00679628203997
00679628204000
00679628204017
00679628204024
00679628204031
00679628204048
00679628204055
00679628204062
00679628204079
00679628204093
00679628204109
00679628204123
00679628204130
00679628204147
00679628204154
00679628204161
00679628204178
00679628204185
00679628204192
00679628204208
00679628204215
00679628204222
00679628204239
00679628204253
00679628204260
00679628204277
00679628204284
00679628204291
00679628204307
00679628204314
00679628204321
00679628204338
00679628204345
00679628204352
00679628204369
00679628204383
00679628204390
00679628204406
00679628204413
00679628204420
00679628204437
00679628204444
00679628204451
00679628204468
00679628204475
00679628204482
00679628204499
00679628204512
00679628204529
00679628204543
00679628204550
00679628204567
00679628204574
00679628204581
00679628204598
00679628204604
00679628204611
00679628204628
00679628204635
00679628204642
00679628204659
00679628204673
00679628204680
00679628204697
00679628204703
00679628204710
00679628204727
00679628204734
00679628204741
00679628204758
00679628204765
00679628204772
00679628204789
00679628204802
00679628204819
00679628204833
00679628204840
00679628204857
00679628204864
00679628204871
00679628204888
00679628204895
00679628204901
00679628204918
00679628204925
00679628204932
00679628204949
00679628204963
00679628204970
00679628204987
00679628204994
00679628205007
00679628205014
00679628205021
00679628205038
00679628205045
00679628205052
00679628205069
00679628205083
00679628205090
00679628205106
00679628205113
00679628205120
00679628205137
00679628205144
00679628205151
00679628205168
00679628205175
00679628205182
00679628205199
00679628205212
00679628205229
00679628205243
00679628205250
00679628205267
00679628205274
00679628205281
00679628205298
00679628205304
00679628205311
00679628205328
00679628205335
00679628205342
00679628205359
00679628205373
00679628205380
00679628205397
00679628205403
00679628205410
00679628205427
00679628205434
00679628205441
00679628205458
00679628205465
00679628205472
00679628205489
00679628205502
00679628205519
00679628205533
00679628205540
00679628205557
00679628205564
00679628205571
00679628205588
00679628205595
00679628205601
00679628205618
00679628205625
00679628205632
00679628205649
00679628205663
00679628205670
00679628205687
00679628205694
00679628205700
00679628205717
00679628205724
00679628205731
00679628205748
00679628205755
00679628205762
00679628205779
00679628205793
00679628205809
00679628205823
00679628205830
00679628205847
00679628205854
00679628205861
00679628205878
00679628205885
00679628205892
00679628205908
00679628205915
00679628205922
00679628205939
00679628205953
00679628205960
00679628205977
00679628205984
00679628205991
00679628206004
00679628206011
00679628206028
00679628206035
00679628206042
00679628206059
00679628206073
00679628206080
00679628206097
00679628206103
00679628206110
00679628206127
00679628206134
00679628206141
00679628206158
00679628206165
00679628206172
00679628206189
00679628206202
00679628206219
00679628206233
00679628206240
00679628206257
00679628206264
00679628206271
00679628206288
00679628206295
00679628206301
00679628206318
00679628206325
00679628206332
00679628206349
00679628206363
00679628206370
00679628206387
00679628206394
00679628206400
00679628206417
00679628206424
00679628206431
00679628206448
00679628206455
00679628206462
00679628206479
00679628206493
00679628206509
00679628206523
00679628206530
00679628206547
00679628206554
00679628206561
00679628206578
00679628206585
00679628206592
00679628206608
00679628206615
00679628206622
00679628206639
00679628206653
00679628206660
00679628206677
00679628206684
00679628206691
00679628206707
00679628206714
00679628206721
00679628206738
00679628206745
00679628206752
00679628206769
00679628206783
00679628206790
00679628206806
00679628206813
00679628206820
00679628206837
00679628206844
00679628206851
00679628206868
00679628206875
00679628206882
00679628206899
00679628206912
00679628206929
00679628206943
00679628206950
00679628206967
00679628206974
00679628206981
00679628206998
00679628207001
00679628207018
00679628207025
00679628207032
00679628207049
00679628207063
00679628207070
00679628207087
00679628207094
00679628207100
00679628207117
00679628207124
00679628207131
00679628207148
00679628207155
00679628207162
00679628207179
00679628207193
00679628207209
00679628207223
00679628207230
00679628207247
00679628207254
00679628207261
00679628207278
00679628207285
00679628207292
00679628207308
00679628207315
00679628207322
00679628207339
00679628207353
00679628207360
00679628207377
00679628207384
00679628207391
00679628207407
00679628207414
00679628207421
00679628207438
00679628207445
00679628207452
00679628207469
00679628207483
00679628207490
00679628207506
00679628207513
00679628207520
00679628207537
00679628207544
00679628207551
00679628207568
00679628207575
00679628207582
00679628207599
00679628207612
00679628207629
00679628207643
00679628207650
00679628207667
00679628207674
00679628207681
00679628207698
00679628207704
00679628207711
00679628207728
00679628207735
00679628207742
00679628207759
00679628207773
00679628207780
00679628207797
00679628207803
00679628207810
00679628207827
00679628207834
00679628207841
00679628207858
00679628207865
00679628207872
00679628207889
00679628207902
00679628207919
00679628207933
00679628207940
00679628207957
00679628207964
00679628207971
00679628207988
00679628207995
00679628208008
00679628208015
00679628208022
00679628208039
00679628208053
00679628208060
00679628208077
00679628208084
00679628208091
00679628208107
00679628208114
00679628208121
00679628208138
00679628208145
00679628208152
00679628208169
00679628208183
00679628208190
00679628208206
00679628208213
00679628208220
00679628208237
00679628208244
00679628208251
00679628208268
00679628208275
00679628208282
00679628208299
00679628208312
00679628208329
00679628208343
00679628208350
00679628208367
00679628208374
00679628208381
00679628208398
00679628208404
00679628208411
00679628208428
00679628208435
00679628208442
00679628208459
00679628208473
00679628208480
00679628208497
00679628208503
00679628208510
00679628208527
00679628208534
00679628208541
00679628208558
00679628208565
00679628208572
00679628208589
00679628208602
00679628208619
00679628208633
00679628208640
00679628208657
00679628208664
00679628208671
00679628208688
00679628208695
00679628208701
00679628208718
00679628208725
00679628208732
00679628208749
00679628208763
00679628208770
00679628208787
00679628208794
00679628208800
00679628208817
00679628208824
00679628208831
00679628208848
00679628208855
00679628208862
00679628208879
00679628208893
00679628208909
00679628208923
00679628208930
00679628208947
00679628208954
00679628208961
00679628208978
00679628208985
00679628208992
00679628209005
00679628209012
00679628209029
00679628209043
00679628209050
00679628209067
00679628209074
00679628209081
00679628209098
00679628209104
00679628209111
00679628209128
00679628209135
00679628209142
00679628209159
00679628209173
00679628209180
00679628209197
00679628209203
00679628209210
00679628209227
00679628209234
00679628209241
00679628209258
00679628209265
00679628209272
00679628209289
00679628209302
00679628209319
00679628209333
00679628209340
00679628209357
00679628209364
00679628209371
00679628209388
00679628209395
00679628209401
00679628209418
00679628209425
00679628209432
00679628209449
00679628209463
00679628209470
00679628209487
00679628209494
00679628209500
00679628209517
00679628209524
00679628209531
00679628209548
00679628209555
00679628209562
00679628209579
00679628209593
00679628209609
00679628209623
00679628209630
00679628209647
00679628209654
00679628209661
00679628209678
00679628209685
00679628209692
00679628209708
00679628209715
00679628209722
00679628209739
00679628209753
00679628209760
00679628209777
00679628209784
00679628209791
00679628209807
00679628209814
00679628209821
00679628209838
00679628209845
00679628209852
00679628209869
00679628209883
00679628209890
00679628209906
00679628209913
00679628209920
00679628209937
00679628209944
00679628209951
00679628209968
00679628209975
00679628209982
00679628209999
00679628210018
00679628210025
00679628210032
00679628210049
00679628210063
00679628210070
00679628210087
00679628210094
00679628210100
00679628210117
00679628210124
00679628210131
00679628210148
00679628210155
00679628210162
00679628210179
00679628210193
00679628210209
00679628210223
00679628210230
00679628210247
00679628210254
00679628210261
00679628210278
00679628210285
00679628210292
00679628210308
00679628210315
00679628210322
00679628210339
00679628210353
00679628210360
00679628210377
00679628210384
00679628210391
00679628210407
00679628210414
00679628210421
00679628210438
00679628210445
00679628210452
00679628210469
00679628210483
00679628210490
00679628210506
00679628210513
00679628210520
00679628210537
00679628210544
00679628210551
00679628210568
00679628210575
00679628210582
00679628210599
00679628210612
00679628210629
00679628210643
00679628210650
00679628210667
00679628210674
00679628210681
00679628210698
00679628210704
00679628210711
00679628210728
00679628210735
00679628210742
00679628210759
00679628210773
00679628210780
00679628210797
00679628210803
00679628210810
00679628210827
00679628210834
00679628210841
00679628210858
00679628210865
00679628210872
00679628210889
00679628210902
00679628210919
00679628210933
00679628210940
00679628210957
00679628210964
00679628210971
00679628210988
00679628210995
00679628211008
00679628211015
00679628211022
00679628211039
00679628211053
00679628211060
00679628211077
00679628211084
00679628211091
00679628211107
00679628211114
00679628211121
00679628211138
00679628211145
00679628211152
00679628211169
00679628211183
00679628211190
00679628211206
00679628211213
00679628211220
00679628211237
00679628211244
00679628211251
00679628211268
00679628211275
00679628211282
00679628211299
00679628211312
00679628211329
00679628211343
00679628211350
00679628211367
00679628211374
00679628211381
00679628211398
00679628211404
00679628211411
00679628211428
00679628211435
00679628211442
00679628211459
00679628211473
00679628211480
00679628211497
00679628211503
00679628211510
00679628211527
00679628211534
00679628211541
00679628211558
00679628211565
00679628211572
00679628211589
00679628211602
00679628211619
00679628211633
00679628211640
00679628211657
00679628211664
00679628211671
00679628211688
00679628211695
00679628211701
00679628211718
00679628211725
00679628211732
00679628211749
00679628211763
00679628211770
00679628211787
00679628211794
00679628211800
00679628211817
00679628211824
00679628211831
00679628211848
00679628211855
00679628211862
00679628211879
00679628211893
00679628211909
00679628211923
00679628211930
00679628211947
00679628211954
00679628211961
00679628211978
00679628211985
00679628211992
00679628212005
00679628212012
00679628212029
00679628212043
00679628212050
00679628212067
00679628212074
00679628212081
00679628212098
00679628212104
00679628212111
00679628212128
00679628212135
00679628212142
00679628212159
00679628212173
00679628212180
00679628212197
00679628212203
00679628212210
00679628212227
00679628212234
00679628212241
00679628212258
00679628212265
00679628212272
00679628212289
00679628212302
00679628212319
00679628212333
00679628212340
00679628212357
00679628212364
00679628212371
00679628212388
00679628212395
00679628212401
00679628212418
00679628212425
00679628212432
00679628212449
00679628212463
00679628212470
00679628212487
00679628212494
00679628212500
00679628212517
00679628212524
00679628212531
00679628212548
00679628212555
00679628212562
00679628212579
00679628212593
00679628212609
00679628212616
00679628212623
00679628212630
00710859243144
00710859243151
00710859243168
00710859243175
00710859243182
00710859243199
00710859243205
00710859243212
00710859243229
00710859243236
00710859243243
00710859243250
00710859243267
00710859243274
00710859243281
00710859243298
00710859243304
00710859243311
00710859243328
00710859243335
00710859243342
00710859243359
00710859243366
00710859243373
00710859243380
00710859243397
00710859243403
00710859243427
00710859243434
00710859243441
00710859243465
00710859243472
00710859243489
00710859243496
00710859243502
00710859243519
00710859243526
00710859243533
00710859243540
00710859243557
00710859243564
00710859243571
00710859243588
00710859243595
00710859243601
00710859243618
00710859243625
00710859243632
00710859243649
00710859243656
00710859243663
00710859243670
00710859243687
00710859243694
00710859243700
00710859243717
00710859243724
00710859243731
00710859243748
00710859243755
00710859243762
00710859243779
00710859243786
00710859243793
00710859243809
00710859243816
00710859243823
00710859243830
00710859243847
00710859243854
00710859243861
00710859243878
00710859243885
00710859243892
00710859243908
00710859243915
00710859243922
00710859243939
00710859243946
00710859243953
00710859243960
00710859243977
00710859243984
00710859243991
00710859244004
00710859244011
00710859244028
00710859244035
00710859244042
00710859244059
00710859244066
00710859244073
00710859244080
00710859244097
00710859244103
00710859244110
00710859244127
00710859244134
00710859244141
00710859244158
00710859244165
00710859244172
00710859244189
00710859244196
00710859244202
00710859244219
00710859244226
00710859244233
00710859244240
00710859244257
00710859244264
00710859244271
00710859244288
00710859244295
00710859244301
00710859244318
00710859244325
00710859244332
00710859244349
00710859244356
00710859244363
00710859244370
00710859244387
00710859244394
00710859244417
00710859244424
00710859244431
00710859244448
00710859244455
00710859244462
00710859244479
00710859244486
00710859244493
00710859244509
00710859244516
00710859244523
00710859244530
00710859244547
00710859244554
00710859244561
00710859244578
00710859244585
00710859244592
00710859244608
00710859244615
00710859244622
00710859244639
00710859244646
00710859244653
00710859244660
00710859244677
00710859244684
00710859244691
00710859244707
00710859244714
00710859244738
00710859244745
00710859244752
00710859244769
00710859244776
00710859244783
00710859244790
00710859244806
00710859244813
00710859244820
00710859244837
00710859244844
00710859244851
00710859244868
00710859244875
00710859244882
00710859244899
00710859244905
00710859244912
00710859244929
00710859244936
00710859244943
00710859244950
00710859244967
00710859244974
00710859244981
00710859244998
00710859245001
00710859245018
00710859245025
00710859245032
00710859245049
00710859245056
00710859245063
00710859245070
00710859245087
00710859245094
00710859245100
00710859245117
00710859245124
00710859245131
00710859245148
00710859245155
00710859245162
00710859245179
00710859245186
00710859245193
00710859245209
00710859245216
00710859245223
00710859245230
00710859245247
00710859245254
00710859245261
00710859245278
00710859245285
00710859245292
00710859245308
00710859245315
00710859245322
00710859245339
00710859245346
00710859245353
00710859245360
00710859245377
00710859245384
00710859245391
00710859245407
00710859245414
00710859245421
00710859245438
00710859245445
00710859245452
00710859245469
00710859245476
00710859245483
00710859245490
00710859245506
00710859245513
00710859245520
00710859245537
00710859245544
00710859245551
00710859245568
00710859245575
00710859245582
00710859245599
00710859245605
00710859245612
00710859245629
00710859245636
00710859245643
00710859245650
00710859245667
00710859245674
00710859245681
00710859245698
00710859245704
00710859245711
00710859245728
00710859245735
00710859245742
00710859245759
00710859245766
00710859245773
00710859245780
00710859245797
00710859245803
00710859245810
00710859245827
00710859245834
00710859245841
00710859245858
00710859245865
00710859245872
00710859245889
00710859245896
00710859245902
00710859245919
00710859245926
00710859245933
00710859245940
00710859245957
00710859245964
00710859245971
00710859245988
00710859245995
00710859246008
00710859246015
00710859246022
00710859246039
00710859246046
00710859246053
00710859246060
00710859246077
00710859246084
00710859246091
00710859246107
00710859246114
00710859246121
00710859246138
00710859246145
00710859246169
00710859246176
00710859246183
00710859246190
00710859246206
00710859246213
00710859246220
00710859246237
00710859246244
00710859246251
00710859246268
00710859246275
00710859246282
00710859246299
00710859246305
00710859246312
00710859246329
00710859246336
00710859246343
00710859246350
00710859246367
00710859246374
00710859246381
00710859246398
00710859246404
00710859246411
00710859246428
00710859246435
00710859246442
00710859246459
00710859246466
00710859246473
00710859246480
00710859246503
00710859246510
00710859246527
00710859246534
00710859246541
00710859246558
00710859246565
00710859246572
00710859246589
00710859246596
00710859246602
00710859246619
00710859246626
00710859246633
00710859246640
00710859246657
00710859246664
00710859246671
00710859246688
00710859246695
00710859246701
00710859246718
00710859246725
00710859246732
00710859246749
00710859246756
00710859246763
00710859246770
00710859246787
00710859246794
00710859246800
00710859246817
00710859246824
00710859246831
00710859246848
00710859246855
00710859246862
00710859246879
00710859246886
00710859246893
00710859246909
00710859246916
00710859246923
00710859246930
00710859246947
00710859246954
00710859246961
00710859246978
00710859246985
00710859246992
00710859247005
00710859247012
00710859247036
00710859247043
00710859247050
00710859247067
00710859247074
00710859247081
00710859247098
00710859247104
00710859247111
00710859247128
00710859247135
00710859247142
00710859247159
00710859247166
00710859247173
00710859247180
00710859247197
00710859247203
00710859247210
00710859247227
00710859247234
00710859247241
00710859247258
00710859247265
00710859247272
00710859247289
00710859247296
00710859247302
00710859247319
00710859247326
00710859247333
00710859247340
00710859247357
00710859247364
00710859247371
00710859247388
00710859247395
00710859247401
00710859247418
00710859247425
00710859247432
00710859247449
00710859247456
00710859247463
00710859247470
00710859247487
00710859247494
00710859247500
00710859247517
00710859247524
00710859247531
00710859247548
00710859247555
00710859247562
00710859247579
00710859247586
00710859247593
00710859247609
00710859247616
00710859247623
00710859247630
00710859247647
00710859247654
00710859247661
00710859247678
00710859247685
00710859247692
00710859247708
00710859247715
00710859247722
00710859247739
00710859247746
00710859247753
00710859247760
00710859247777
00710859247784
00710859247791
00710859247807
00710859247814
00710859247821
00710859247838
00710859247845
00710859247852
00710859247869
00710859247876
00710859247883
00710859247890
00710859247906
00710859247920
00710859247937
00710859247944
00710859247951
00710859247968
00710859247975
00710859247982
00710859247999
00710859248002
00710859248019
00710859248026
00710859248033
00710859248040
00710859248064
00710859248071
00710859248088
00710859248101
00710859248125
00710859248132
00710859248149
00710859248163
00710859248170
00710859248187
00710859248194
00710859248200
00710859248217
00710859248224
00710859248231
00710859248248
00710859248255
00710859248262
00710859248279
00710859248293
00710859248309
00710859248323
00710859248330
00710859248347
00710859248354
00710859248361
00710859248378
00710859248385
00710859248392
00710859248408
00710859248415
00710859248422
00710859248439
00710859248453
00710859248460
00710859248477
00710859248484
00710859248491
00710859248507
00710859248514
00710859248521
00710859248538
00710859248545
00710859248552
00710859248569
00710859248583
00710859248590
00710859248606
00710859248613
00710859248620
00710859248637
00710859248644
00710859248651
00710859248668
00710859248675
00710859248682
00710859248699
00710859248712
00710859248729
00710859248743
00710859248750
00710859248767
00710859248774
00710859248781
00710859248798
00710859248804
00710859248811
00710859248828
00710859248835
00710859248842
00710859248859
00710859248873
00710859248880
00710859248897
00710859248903
00710859248910
00710859248927
00710859248934
00710859248941
00710859248958
00710859248965
00710859248972
00710859248989
00710859249009
00710859249023
00710859249030
00710859249047
00710859249054
00710859249061
00710859249078
00710859249085
00710859249092
00710859249108
00710859249115
00710859249122
00710859249139
00710859249153
00710859249160
00710859249177
00710859249184
00710859249191
00710859249207
00710859249214
00710859249221
00710859249238
00710859249245
00710859249252
00710859249269
00710859249283
00710859249290
00710859249306
00710859249313
00710859249320
00710859249337
00710859249344
00710859249351
00710859249368
00710859249375
00710859249382
00710859249399
00710859249412
00710859249429
00710859249443
00710859249450
00710859249467
00710859249474
00710859249481
00710859249498
00710859249504
00710859249511
00710859249528
00710859249535
00710859249542
00710859249559
00710859249573
00710859249580
00710859249597
00710859249603
00710859249610
00710859249627
00710859249634
00710859249641
00710859249658
00710859249665
00710859249672
00710859249689
00710859249702
00710859249719
00710859249733
00710859249740
00710859249757
00710859249764
00710859249771
00710859249788
00710859249795
00710859249801
00710859249818
00710859249825
00710859249832
00710859249849
00710859249863
00710859249870
00710859249887
00710859249894
00710859249900
00710859249917
00710859249924
00710859249931
00710859249948
00710859249955
00710859249962
00710859249979
00710859249993
00710859250005
00710859250012
00710859250029
00710859250043
00710859250050
00710859250067
00710859250074
00710859250081
00710859250098
00710859250104
00710859250111
00710859250128
00710859250135
00710859250142
00710859250159
00710859250173
00710859250180
00710859250197
00710859250203
00710859250210
00710859250227
00710859250234
00710859250241
00710859250258
00710859250265
00710859250272
00710859250289
00710859250302
00710859250319
00710859250333
00710859250340
00710859250357
00710859250364
00710859250371
00710859250388
00710859250395
00710859250401
00710859250418
00710859250425
00710859250432
00710859250449
00710859250463
00710859250470
00710859250487
00710859250494
00710859250500
00710859250517
00710859250524
00710859250531
00710859250548
00710859250555
00710859250562
00710859250579
00710859250593
00710859250609
00710859250623
00710859250630
00710859250647
00710859250654
00710859250661
00710859250678
00710859250685
00710859250692
00710859250708
00710859250715
00710859250722
00710859250739
00710859250753
00710859250760
00710859250777
00710859250784
00710859250791
00710859250807
00710859250814
00710859250821
00710859250838
00710859250845
00710859250852
00710859250869
00710859250883
00710859250890
00710859250906
00710859250913
00710859250920
00710859250937
00710859250944
00710859250951
00710859250968
00710859250975
00710859250982
00710859250999
00710859251019
00710859251033
00710859251040
00710859251057
00710859251064
00710859251071
00710859251088
00710859251095
00710859251101
00710859251118
00710859251125
00710859251132
00710859251149
00710859251163
00710859251170
00710859251187
00710859251194
00710859251200
00710859251217
00710859251224
00710859251231
00710859251248
00710859251255
00710859251262
00710859251279
00710859251293
00710859251309
00710859251323
00710859251330
00710859251347
00710859251354
00710859251361
00710859251378
00710859251385
00710859251392
00710859251408
00710859251415
00710859251422
00710859251439
00710859251453
00710859251460
00710859251477
00710859251484
00710859251491
00710859251507
00710859251514
00710859251521
00710859251538
00710859251545
00710859251552
00710859251569
00710859251583
00710859251590
00710859251606
00710859251613
00710859251620
00710859251637
00710859251644
00710859251651
00710859251668
00710859251675
00710859251682
00710859251699
00710859251712
00710859251729
00710859251743
00710859251750
00710859251767
00710859251774
00710859251781
00710859251798
00710859251804
00710859251811
00710859251828
00710859251835
00710859251842
00710859251859
00710859251873
00710859251880
00710859251897
00710859251903
00710859251910
00710859251927
00710859251934
00710859251941
00710859251958
00710859251965
00710859251972
00710859251989
00710859252009
00710859252023
00710859252030
00710859252047
00710859252054
00710859252061
00710859252078
00710859252085
00710859252092
00710859252108
00710859252115
00710859252122
00710859252139
00710859252153
00710859252160
00710859252177
00710859252184
00710859252191
00710859252207
00710859252214
00710859252221
00710859252238
00710859252245
00710859252252
00710859252269
00710859252283
00710859252290
00710859252306
00710859252313
00710859252320
00710859252337
00710859252344
00710859252351
00710859252368
00710859252375
00710859252382
00710859252399
00710859252412
00710859252429
00710859252443
00710859252450
00710859252467
00710859252474
00710859252481
00710859252498
00710859252504
00710859252511
00710859252528
00710859252535
00710859252542
00710859252559
00710859252573
00710859252580
00710859252597
00710859252603
00710859252610
00710859252627
00710859252634
00710859252641
00710859252658
00710859252665
00710859252672
00710859252689
00710859252702
00710859252719
00710859252733
00710859252740
00710859252757
00710859252764
00710859252771
00710859252788
00710859252795
00710859252801
00710859252818
00710859252825
00710859252832
00710859252849
00710859252863
00710859252870
00710859252887
00710859252894
00710859252900
00710859252917
00710859252924
00710859252931
00710859252948
00710859252955
00710859252962
00710859252979
00710859252993
00710859253006
00710859253013
00710859253020
00710859253037
00710859253044
00710859253051
00710859253068
00710859253075
00710859253082
00710859253099
00710859253112
00710859253129
00710859253143
00710859253150
00710859253167
00710859253174
00710859253181
00710859253198
00710859253204
00710859253211
00710859253228
00710859253235
00710859253242
00710859253259
00710859253273
00710859253280
00710859253297
00710859253303
00710859253310
00710859253327
00710859253334
00710859253341
00710859253358
00710859253365
00710859253372
00710859253389
00710859253402
00710859253419
00710859253433
00710859253440
00710859253457
00710859253464
00710859253471
00710859253488
00710859253495
00710859253501
00710859253518
00710859253525
00710859253532
00710859253549
00710859253563
00710859253570
00710859253587
00710859253594
00710859253600
00710859253617
00710859253624
00710859253631
00710859253648
00710859253655
00710859253662
00710859253679
00710859253693
00710859253709
00710859253723
00710859253730
00710859253747
00710859253754
00710859253761
00710859253778
00710859253785
00710859253792
00710859253808
00710859253815
