0710859243144
0710859243151
0710859243168
0710859243175
0710859243182
0710859243199
0710859243205
0710859243212
0710859243229
0710859243236
0710859243243
0710859243250
0710859243267
0710859243274
0710859243281
0710859243298
0710859243304
0710859243311
0710859243328
0710859243335
0710859243342
0710859243359
0710859243366
0710859243373
0710859243380
0710859243397
0710859243403
0710859243427
0710859243434
0710859243441
0710859243465
0710859243472
0710859243489
0710859243496
0710859243502
0710859243519
0710859243526
0710859243533
0710859243540
0710859243557
0710859243564
0710859243571
0710859243588
0710859243595
0710859243601
0710859243618
0710859243625
0710859243632
0710859243649
0710859243656
0710859243663
0710859243670
0710859243687
0710859243694
0710859243700
0710859243717
0710859243724
0710859243731
0710859243748
0710859243755
0710859243762
0710859243779
0710859243786
0710859243793
0710859243809
0710859243816
0710859243823
0710859243830
0710859243847
0710859243854
0710859243861
0710859243878
0710859243885
0710859243892
0710859243908
0710859243915
0710859243922
0710859243939
0710859243946
0710859243953
0710859243960
0710859243977
0710859243984
0710859243991
0710859244004
0710859244011
0710859244028
0710859244035
0710859244042
0710859244059
0710859244066
0710859244073
0710859244080
0710859244097
0710859244103
0710859244110
0710859244127
0710859244134
0710859244141
0710859244158
0710859244165
0710859244172
0710859244189
0710859244196
0710859244202
0710859244219
0710859244226
0710859244233
0710859244240
0710859244257
0710859244264
0710859244271
0710859244288
0710859244295
0710859244301
0710859244318
0710859244325
0710859244332
0710859244349
0710859244356
0710859244363
0710859244370
0710859244387
0710859244394
0710859244417
0710859244424
0710859244431
0710859244448
0710859244455
0710859244462
0710859244479
0710859244486
0710859244493
0710859244509
0710859244516
0710859244523
0710859244530
0710859244547
0710859244554
0710859244561
0710859244578
0710859244585
0710859244592
0710859244608
0710859244615
0710859244622
0710859244639
0710859244646
0710859244653
0710859244660
0710859244677
0710859244684
0710859244691
0710859244707
0710859244714
0710859244738
0710859244745
0710859244752
0710859244769
0710859244776
0710859244783
0710859244790
0710859244806
0710859244813
0710859244820
0710859244837
0710859244844
0710859244851
0710859244868
0710859244875
0710859244882
0710859244899
0710859244905
0710859244912
0710859244929
0710859244936
0710859244943
0710859244950
0710859244967
0710859244974
0710859244981
0710859244998
0710859245001
0710859245018
0710859245025
0710859245032
0710859245049
0710859245056
0710859245063
0710859245070
0710859245087
0710859245094
0710859245100
0710859245117
0710859245124
0710859245131
0710859245148
0710859245155
0710859245162
0710859245179
0710859245186
0710859245193
0710859245209
0710859245216
0710859245223
0710859245230
0710859245247
0710859245254
0710859245261
0710859245278
0710859245285
0710859245292
0710859245308
0710859245315
0710859245322
0710859245339
0710859245346
0710859245353
0710859245360
0710859245377
0710859245384
0710859245391
0710859245407
0710859245414
0710859245421
0710859245438
0710859245445
0710859245452
0710859245469
0710859245476
0710859245483
0710859245490
0710859245506
0710859245513
0710859245520
0710859245537
0710859245544
0710859245551
0710859245568
0710859245575
0710859245582
0710859245599
0710859245605
0710859245612
0710859245629
0710859245636
0710859245643
0710859245650
0710859245667
0710859245674
0710859245681
0710859245698
0710859245704
0710859245711
0710859245728
0710859245735
0710859245742
0710859245759
0710859245766
0710859245773
0710859245780
0710859245797
0710859245803
0710859245810
0710859245827
0710859245834
0710859245841
0710859245858
0710859245865
0710859245872
0710859245889
0710859245896
0710859245902
0710859245919
0710859245926
0710859245933
0710859245940
0710859245957
0710859245964
0710859245971
0710859245988
0710859245995
0710859246008
0710859246015
0710859246022
0710859246039
0710859246046
0710859246053
0710859246060
0710859246077
0710859246084
0710859246091
0710859246107
0710859246114
0710859246121
0710859246138
0710859246145
0710859246169
0710859246176
0710859246183
