0679628201535
0679628201542
0679628201559
0679628201573
0679628201580
0679628201597
0679628201603
0679628201610
0679628201627
0679628201634
0679628201641
0679628201658
0679628201665
0679628201672
0679628201689
0679628201702
0679628201719
0679628201733
0679628201740
0679628201757
0679628201764
0679628201771
0679628201788
0679628201795
0679628201801
0679628201818
0679628201825
0679628201832
0679628201849
0679628201863
0679628201870
0679628201887
0679628201894
0679628201900
0679628201917
0679628201924
0679628201931
0679628201948
0679628201955
0679628201962
0679628201979
0679628201993
0679628202006
0679628202013
0679628202020
0679628202037
0679628202044
0679628202051
0679628202068
0679628202075
0679628202082
0679628202099
0679628202112
0679628202129
0679628202143
0679628202150
0679628202167
0679628202174
0679628202181
0679628202198
0679628202204
0679628202211
0679628202228
0679628202235
0679628202242
0679628202259
0679628202273
0679628202280
0679628202297
0679628202303
0679628202310
0679628202327
0679628202334
0679628202341
0679628202358
0679628202365
0679628202372
0679628202389
0679628202402
0679628202419
0679628202433
0679628202440
0679628202457
0679628202464
0679628202471
0679628202488
0679628202495
0679628202501
0679628202518
0679628202525
0679628202532
0679628202549
0679628202563
0679628202570
0679628202587
0679628202594
0679628202600
0679628202617
0679628202624
0679628202631
0679628202648
0679628202655
0679628202662
0679628202679
0679628202693
0679628202709
0679628202723
0679628202730
0679628202747
0679628202754
0679628202761
0679628202778
0679628202785
0679628202792
0679628202808
0679628202815
0679628202822
0679628202839
0679628202853
0679628202860
0679628202877
0679628202884
0679628202891
0679628202907
0679628202914
0679628202921
0679628202938
0679628202945
0679628202952
0679628202969
0679628202983
0679628202990
0679628203003
0679628203010
0679628203027
0679628203034
0679628203041
0679628203058
0679628203065
0679628203072
0679628203089
0679628203102
0679628203119
0679628203133
0679628203140
0679628203157
0679628203164
0679628203171
0679628203188
0679628203195
0679628203201
0679628203218
0679628203225
0679628203232
0679628203249
0679628203263
0679628203270
0679628203287
0679628203294
0679628203300
0679628203317
0679628203324
0679628203331
0679628203348
0679628203355
0679628203362
0679628203379
0679628203393
0679628203409
0679628203423
0679628203430
0679628203447
0679628203454
0679628203461
0679628203478
0679628203485
0679628203492
0679628203508
0679628203515
0679628203522
0679628203539
0679628203553
0679628203560
0679628203577
0679628203584
0679628203591
0679628203607
0679628203614
0679628203621
0679628203638
0679628203645
0679628203652
0679628203669
0679628203683
0679628203690
0679628203706
0679628203713
0679628203720
0679628203737
0679628203744
0679628203751
0679628203768
0679628203775
0679628203782
0679628203799
0679628203812
0679628203829
0679628203843
0679628203850
0679628203867
0679628203874
0679628203881
0679628203898
0679628203904
0679628203911
0679628203928
0679628203935
0679628203942
0679628203959
0679628203973
0679628203980
0679628203997
0679628204000
0679628204017
0679628204024
0679628204031
0679628204048
0679628204055
0679628204062
0679628204079
0679628204093
0679628204109
0679628204123
0679628204130
0679628204147
0679628204154
0679628204161
0679628204178
0679628204185
0679628204192
0679628204208
0679628204215
0679628204222
0679628204239
0679628204253
0679628204260
0679628204277
0679628204284
0679628204291
0679628204307
0679628204314
0679628204321
0679628204338
0679628204345
0679628204352
0679628204369
0679628204383
0679628204390
0679628204406
0679628204413
0679628204420
0679628204437
0679628204444
0679628204451
0679628204468
0679628204475
0679628204482
0679628204499
0679628204512
0679628204529
0679628204543
0679628204550
0679628204567
0679628204574
0679628204581
0679628204598
0679628204604
0679628204611
0679628204628
0679628204635
0679628204642
0679628204659
0679628204673
0679628204680
0679628204697
0679628204703
0679628204710
0679628204727
0679628204734
0679628204741
0679628204758
0679628204765
0679628204772
0679628204789
0679628204802
0679628204819
0679628204833
0679628204840
0679628204857
0679628204864
0679628204871
0679628204888
0679628204895
0679628204901
0679628204918
0679628204925
0679628204932
0679628204949
0679628204963
0679628204970
0679628204987
0679628204994
0679628205007
0679628205014
0679628205021
0679628205038
0679628205045
0679628205052
0679628205069
0679628205083
0679628205090
0679628205106
0679628205113
0679628205120
0679628205137
0679628205144
0679628205151
0679628205168
0679628205175
0679628205182
0679628205199
0679628205212
0679628205229
0679628205243
0679628205250
0679628205267
0679628205274
0679628205281
0679628205298
0679628205304
0679628205311
0679628205328
0679628205335
0679628205342
0679628205359
0679628205373
0679628205380
0679628205397
0679628205403
0679628205410
0679628205427
0679628205434
0679628205441
0679628205458
0679628205465
0679628205472
0679628205489
0679628205502
0679628205519
0679628205533
0679628205540
0679628205557
0679628205564
0679628205571
0679628205588
0679628205595
0679628205601
0679628205618
0679628205625
0679628205632
0679628205649
0679628205663
0679628205670
0679628205687
0679628205694
0679628205700
0679628205717
0679628205724
0679628205731
0679628205748
0679628205755
0679628205762
0679628205779
0679628205793
0679628205809
0679628205823
0679628205830
0679628205847
0679628205854
0679628205861
0679628205878
0679628205885
0679628205892
0679628205908
0679628205915
0679628205922
0679628205939
0679628205953
0679628205960
0679628205977
0679628205984
0679628205991
0679628206004
0679628206011
0679628206028
0679628206035
0679628206042
0679628206059
0679628206073
0679628206080
0679628206097
0679628206103
0679628206110
0679628206127
0679628206134
0679628206141
0679628206158
0679628206165
0679628206172
0679628206189
0679628206202
0679628206219
0679628206233
0679628206240
0679628206257
0679628206264
0679628206271
0679628206288
0679628206295
0679628206301
0679628206318
0679628206325
0679628206332
0679628206349
0679628206363
0679628206370
0679628206387
0679628206394
0679628206400
0679628206417
0679628206424
0679628206431
0679628206448
0679628206455
0679628206462
0679628206479
0679628206493
0679628206509
0679628206523
0679628206530
0679628206547
0679628206554
0679628206561
0679628206578
0679628206585
0679628206592
0679628206608
0679628206615
0679628206622
0679628206639
0679628206653
0679628206660
0679628206677
0679628206684
0679628206691
0679628206707
0679628206714
0679628206721
0679628206738
0679628206745
0679628206752
0679628206769
0679628206783
0679628206790
0679628206806
0679628206813
0679628206820
0679628206837
0679628206844
0679628206851
0679628206868
0679628206875
0679628206882
0679628206899
0679628206912
0679628206929
0679628206943
0679628206950
0679628206967
0679628206974
0679628206981
0679628206998
0679628207001
0679628207018
0679628207025
0679628207032
0679628207049
0679628207063
0679628207070
0679628207087
0679628207094
0679628207100
0679628207117
0679628207124
0679628207131
0679628207148
0679628207155
0679628207162
0679628207179
0679628207193
0679628207209
0679628207223
0679628207230
0679628207247
0679628207254
0679628207261
0679628207278
0679628207285
0679628207292
0679628207308
0679628207315
0679628207322
0679628207339
0679628207353
0679628207360
0679628207377
0679628207384
0679628207391
0679628207407
0679628207414
0679628207421
0679628207438
0679628207445
0679628207452
0679628207469
0679628207483
0679628207490
0679628207506
0679628207513
0679628207520
0679628207537
0679628207544
0679628207551
0679628207568
0679628207575
0679628207582
0679628207599
0679628207612
0679628207629
0679628207643
0679628207650
0679628207667
0679628207674
0679628207681
0679628207698
0679628207704
0679628207711
0679628207728
0679628207735
0679628207742
0679628207759
0679628207773
0679628207780
0679628207797
0679628207803
0679628207810
0679628207827
0679628207834
0679628207841
0679628207858
0679628207865
0679628207872
0679628207889
0679628207902
0679628207919
0679628207933
0679628207940
0679628207957
0679628207964
0679628207971
0679628207988
0679628207995
0679628208008
0679628208015
0679628208022
0679628208039
0679628208053
0679628208060
0679628208077
0679628208084
0679628208091
0679628208107
0679628208114
0679628208121
0679628208138
0679628208145
0679628208152
0679628208169
0679628208183
0679628208190
0679628208206
0679628208213
0679628208220
0679628208237
0679628208244
0679628208251
0679628208268
0679628208275
0679628208282
0679628208299
0679628208312
0679628208329
0679628208343
0679628208350
0679628208367
0679628208374
0679628208381
0679628208398
0679628208404
0679628208411
0679628208428
0679628208435
0679628208442
0679628208459
0679628208473
0679628208480
0679628208497
0679628208503
0679628208510
0679628208527
0679628208534
0679628208541
0679628208558
0679628208565
0679628208572
0679628208589
0679628208602
0679628208619
0679628208633
0679628208640
0679628208657
0679628208664
0679628208671
0679628208688
0679628208695
0679628208701
0679628208718
0679628208725
0679628208732
0679628208749
0679628208763
0679628208770
0679628208787
0679628208794
0679628208800
0679628208817
0679628208824
0679628208831
0679628208848
0679628208855
0679628208862
0679628208879
0679628208893
0679628208909
0679628208923
0679628208930
0679628208947
0679628208954
0679628208961
0679628208978
0679628208985
0679628208992
0679628209005
0679628209012
0679628209029
0679628209043
0679628209050
0679628209067
0679628209074
0679628209081
0679628209098
0679628209104
0679628209111
0679628209128
0679628209135
0679628209142
0679628209159
0679628209173
0679628209180
0679628209197
0679628209203
0679628209210
0679628209227
0679628209234
0679628209241
0679628209258
0679628209265
0679628209272
0679628209289
0679628209302
0679628209319
0679628209333
0679628209340
0679628209357
0679628209364
0679628209371
0679628209388
0679628209395
0679628209401
0679628209418
0679628209425
0679628209432
0679628209449
0679628209463
0679628209470
0679628209487
0679628209494
0679628209500
0679628209517
0679628209524
0679628209531
0679628209548
0679628209555
0679628209562
0679628209579
0679628209593
0679628209609
0679628209623
0679628209630
0679628209647
0679628209654
0679628209661
0679628209678
0679628209685
0679628209692
0679628209708
0679628209715
0679628209722
0679628209739
0679628209753
0679628209760
0679628209777
0679628209784
0679628209791
0679628209807
0679628209814
0679628209821
0679628209838
0679628209845
0679628209852
0679628209869
0679628209883
0679628209890
0679628209906
0679628209913
0679628209920
0679628209937
0679628209944
0679628209951
0679628209968
0679628209975
0679628209982
0679628209999
0679628210018
0679628210025
0679628210032
0679628210049
0679628210063
0679628210070
0679628210087
0679628210094
0679628210100
0679628210117
0679628210124
0679628210131
0679628210148
0679628210155
0679628210162
0679628210179
0679628210193
0679628210209
0679628210223
0679628210230
0679628210247
0679628210254
0679628210261
0679628210278
0679628210285
0679628210292
0679628210308
0679628210315
0679628210322
0679628210339
0679628210353
0679628210360
0679628210377
0679628210384
0679628210391
0679628210407
0679628210414
0679628210421
0679628210438
0679628210445
0679628210452
0679628210469
0679628210483
0679628210490
0679628210506
0679628210513
0679628210520
0679628210537
0679628210544
0679628210551
0679628210568
0679628210575
0679628210582
0679628210599
0679628210612
0679628210629
0679628210643
0679628210650
0679628210667
0679628210674
0679628210681
0679628210698
0679628210704
0679628210711
0679628210728
0679628210735
0679628210742
0679628210759
0679628210773
0679628210780
0679628210797
0679628210803
0679628210810
0679628210827
0679628210834
0679628210841
0679628210858
0679628210865
0679628210872
0679628210889
0679628210902
0679628210919
0679628210933
0679628210940
0679628210957
0679628210964
0679628210971
0679628210988
0679628210995
0679628211008
0679628211015
0679628211022
0679628211039
0679628211053
0679628211060
0679628211077
0679628211084
0679628211091
0679628211107
0679628211114
0679628211121
0679628211138
0679628211145
0679628211152
0679628211169
0679628211183
0679628211190
0679628211206
0679628211213
0679628211220
0679628211237
0679628211244
0679628211251
0679628211268
0679628211275
0679628211282
0679628211299
0679628211312
0679628211329
0679628211343
0679628211350
0679628211367
0679628211374
0679628211381
0679628211398
0679628211404
0679628211411
0679628211428
0679628211435
0679628211442
0679628211459
0679628211473
0679628211480
0679628211497
0679628211503
0679628211510
0679628211527
0679628211534
0679628211541
0679628211558
0679628211565
0679628211572
0679628211589
0679628211602
0679628211619
0679628211633
0679628211640
0679628211657
0679628211664
0679628211671
0679628211688
0679628211695
0679628211701
0679628211718
0679628211725
0679628211732
0679628211749
0679628211763
0679628211770
0679628211787
0679628211794
0679628211800
0679628211817
0679628211824
0679628211831
0679628211848
0679628211855
0679628211862
0679628211879
0679628211893
0679628211909
0679628211923
0679628211930
0679628211947
0679628211954
0679628211961
0679628211978
0679628211985
0679628211992
0679628212005
0679628212012
0679628212029
0679628212043
0679628212050
0679628212067
0679628212074
0679628212081
0679628212098
0679628212104
0679628212111
0679628212128
0679628212135
0679628212142
0679628212159
0679628212173
0679628212180
0679628212197
0679628212203
0679628212210
0679628212227
0679628212234
0679628212241
0679628212258
0679628212265
0679628212272
0679628212289
0679628212302
0679628212319
0679628212333
0679628212340
0679628212357
0679628212364
0679628212371
0679628212388
0679628212395
0679628212401
0679628212418
0679628212425
0679628212432
0679628212449
0679628212463
0679628212470
0679628212487
0679628212494
0679628212500
0679628212517
0679628212524
0679628212531
0679628212548
0679628212555
0679628212562
0679628212579
0679628212593
0679628212609
0679628212616
0679628212623
0679628212630
