0710859243144
0710859243151
0710859243168
0710859243175
0710859243182
0710859243199
0710859243205
0710859243212
0710859243229
0710859243236
0710859243243
0710859243250
0710859243267
0710859243274
0710859243281
0710859243298
0710859243304
0710859243311
0710859243328
0710859243335
0710859243342
0710859243359
0710859243366
0710859243373
0710859243380
0710859243397
0710859243403
0710859243427
0710859243434
0710859243441
0710859243465
0710859243472
0710859243489
0710859243496
0710859243502
0710859243519
0710859243526
0710859243533
0710859243540
0710859243557
0710859243564
0710859243571
0710859243588
0710859243595
0710859243601
0710859243618
0710859243625
0710859243632
0710859243649
0710859243656
