0710859243144
0710859243151
0710859243168
0710859243175
0710859243182
0710859243199
0710859243205
0710859243212
0710859243229
0710859243236
0710859243243
0710859243250
0710859243267
0710859243274
0710859243281
0710859243298
0710859243304
0710859243311
0710859243328
0710859243335
0710859243342
0710859243359
0710859243366
0710859243373
0710859243380
0710859243397
0710859243403
0710859243427
0710859243434
0710859243441
0710859243465
0710859243472
0710859243489
0710859243496
0710859243502
0710859243519
0710859243526
0710859243533
0710859243540
0710859243557
0710859243564
0710859243571
0710859243588
0710859243595
0710859243601
0710859243618
0710859243625
0710859243632
0710859243649
0710859243656
0710859243663
0710859243670
0710859243687
0710859243694
0710859243700
0710859243717
0710859243724
0710859243731
0710859243748
0710859243755
0710859243762
0710859243779
0710859243786
0710859243793
0710859243809
0710859243816
0710859243823
0710859243830
0710859243847
0710859243854
0710859243861
0710859243878
0710859243885
0710859243892
0710859243908
0710859243915
0710859243922
0710859243939
0710859243946
0710859243953
0710859243960
0710859243977
0710859243984
0710859243991
0710859244004
0710859244011
0710859244028
0710859244035
0710859244042
0710859244059
0710859244066
0710859244073
0710859244080
0710859244097
0710859244103
0710859244110
0710859244127
0710859244134
0710859244141
0710859244158
