0679628201535
0679628201542
0679628201559
0679628201573
0679628201580
0679628201597
0679628201603
0679628201610
0679628201627
0679628201634
0679628201641
0679628201658
0679628201665
0679628201672
0679628201689
0679628201702
0679628201719
0679628201733
0679628201740
0679628201757
0679628201764
0679628201771
0679628201788
0679628201795
0679628201801
0679628201818
0679628201825
0679628201832
0679628201849
0679628201863
0679628201870
0679628201887
0679628201894
0679628201900
0679628201917
0679628201924
0679628201931
0679628201948
0679628201955
0679628201962
0679628201979
0679628201993
0679628202006
0679628202013
0679628202020
0679628202037
0679628202044
0679628202051
0679628202068
0679628202075
0679628202082
0679628202099
0679628202112
0679628202129
0679628202143
0679628202150
0679628202167
0679628202174
0679628202181
0679628202198
0679628202204
0679628202211
0679628202228
0679628202235
0679628202242
0679628202259
0679628202273
0679628202280
0679628202297
0679628202303
0679628202310
0679628202327
0679628202334
0679628202341
0679628202358
0679628202365
0679628202372
0679628202389
0679628202402
0679628202419
0679628202433
0679628202440
0679628202457
0679628202464
0679628202471
0679628202488
0679628202495
0679628202501
0679628202518
0679628202525
0679628202532
0679628202549
0679628202563
0679628202570
0679628202587
0679628202594
0679628202600
0679628202617
0679628202624
0679628202631
0679628202648
0679628202655
0679628202662
0679628202679
0679628202693
0679628202709
0679628202723
0679628202730
0679628202747
0679628202754
0679628202761
0679628202778
0679628202785
0679628202792
0679628202808
0679628202815
0679628202822
0679628202839
0679628202853
0679628202860
0679628202877
0679628202884
0679628202891
0679628202907
0679628202914
0679628202921
0679628202938
0679628202945
0679628202952
0679628202969
0679628202983
0679628202990
0679628203003
0679628203010
0679628203027
0679628203034
0679628203041
0679628203058
0679628203065
0679628203072
0679628203089
0679628203102
0679628203119
0679628203133
0679628203140
0679628203157
0679628203164
0679628203171
0679628203188
0679628203195
0679628203201
0679628203218
0679628203225
0679628203232
0679628203249
0679628203263
0679628203270
0679628203287
0679628203294
0679628203300
0679628203317
0679628203324
0679628203331
0679628203348
0679628203355
0679628203362
0679628203379
0679628203393
0679628203409
0679628203423
0679628203430
0679628203447
0679628203454
0679628203461
0679628203478
0679628203485
0679628203492
0679628203508
0679628203515
0679628203522
0679628203539
0679628203553
0679628203560
0679628203577
0679628203584
0679628203591
0679628203607
0679628203614
0679628203621
0679628203638
0679628203645
0679628203652
0679628203669
0679628203683
0679628203690
0679628203706
0679628203713
0679628203720
0679628203737
0679628203744
0679628203751
0679628203768
0679628203775
0679628203782
0679628203799
0679628203812
0679628203829
0679628203843
0679628203850
0679628203867
0679628203874
0679628203881
0679628203898
0679628203904
0679628203911
0679628203928
0679628203935
0679628203942
0679628203959
0679628203973
0679628203980
0679628203997
0679628204000
0679628204017
0679628204024
0679628204031
0679628204048
0679628204055
0679628204062
0679628204079
0679628204093
0679628204109
0679628204123
0679628204130
0679628204147
0679628204154
0679628204161
0679628204178
0679628204185
0679628204192
0679628204208
0679628204215
0679628204222
0679628204239
0679628204253
0679628204260
0679628204277
0679628204284
0679628204291
0679628204307
0679628204314
0679628204321
0679628204338
0679628204345
0679628204352
0679628204369
0679628204383
0679628204390
0679628204406
0679628204413
0679628204420
0679628204437
0679628204444
0679628204451
0679628204468
0679628204475
0679628204482
0679628204499
0679628204512
0679628204529
0679628204543
0679628204550
0679628204567
0679628204574
0679628204581
0679628204598
0679628204604
0679628204611
0679628204628
0679628204635
0679628204642
0679628204659
0679628204673
0679628204680
0679628204697
0679628204703
0679628204710
0679628204727
0679628204734
0679628204741
0679628204758
0679628204765
0679628204772
0679628204789
0679628204802
0679628204819
0679628204833
0679628204840
0679628204857
0679628204864
0679628204871
0679628204888
0679628204895
0679628204901
0679628204918
0679628204925
0679628204932
0679628204949
0679628204963
0679628204970
0679628204987
0679628204994
0679628205007
0679628205014
0679628205021
0679628205038
0679628205045
0679628205052
0679628205069
0679628205083
0679628205090
0679628205106
0679628205113
0679628205120
0679628205137
0679628205144
0679628205151
0679628205168
0679628205175
0679628205182
0679628205199
0679628205212
0679628205229
0679628205243
0679628205250
0679628205267
0679628205274
0679628205281
0679628205298
0679628205304
0679628205311
0679628205328
0679628205335
0679628205342
0679628205359
0679628205373
0679628205380
0679628205397
0679628205403
0679628205410
0679628205427
0679628205434
0679628205441
0679628205458
0679628205465
0679628205472
0679628205489
0679628205502
0679628205519
0679628205533
0679628205540
0679628205557
0679628205564
0679628205571
0679628205588
0679628205595
0679628205601
0679628205618
0679628205625
0679628205632
0679628205649
0679628205663
0679628205670
0679628205687
0679628205694
0679628205700
0679628205717
0679628205724
0679628205731
0679628205748
0679628205755
0679628205762
0679628205779
0679628205793
0679628205809
0679628205823
0679628205830
0679628205847
0679628205854
0679628205861
0679628205878
0679628205885
0679628205892
0679628205908
0679628205915
0679628205922
0679628205939
0679628205953
0679628205960
0679628205977
0679628205984
0679628205991
0679628206004
0679628206011
0679628206028
0679628206035
0679628206042
0679628206059
0679628206073
0679628206080
0679628206097
0679628206103
0679628206110
0679628206127
0679628206134
0679628206141
0679628206158
0679628206165
0679628206172
0679628206189
0679628206202
0679628206219
0679628206233
0679628206240
0679628206257
0679628206264
0679628206271
0679628206288
0679628206295
0679628206301
0679628206318
0679628206325
0679628206332
0679628206349
0679628206363
0679628206370
0679628206387
0679628206394
0679628206400
0679628206417
0679628206424
0679628206431
0679628206448
0679628206455
0679628206462
0679628206479
0679628206493
0679628206509
0679628206523
0679628206530
0679628206547
0679628206554
0679628206561
0679628206578
0679628206585
0679628206592
0679628206608
0679628206615
0679628206622
0679628206639
0679628206653
0679628206660
0679628206677
0679628206684
0679628206691
0679628206707
0679628206714
0679628206721
0679628206738
0679628206745
0679628206752
0679628206769
0679628206783
0679628206790
0679628206806
0679628206813
0679628206820
0679628206837
0679628206844
0679628206851
0679628206868
0679628206875
0679628206882
0679628206899
0679628206912
0679628206929
0679628206943
0679628206950
0679628206967
0679628206974
0679628206981
0679628206998
0679628207001
0679628207018
0679628207025
0679628207032
0679628207049
0679628207063
0679628207070
0679628207087
