00679628201535
00679628201542
00679628201559
00679628201573
00679628201580
00679628201597
00679628201603
00679628201610
00679628201627
00679628201634
00679628201641
00679628201658
00679628201665
00679628201672
00679628201689
00679628201702
00679628201719
00679628201733
00679628201740
00679628201757
00679628201764
00679628201771
00679628201788
00679628201795
00679628201801
00679628201818
00679628201825
00679628201832
00679628201849
00679628201863
00679628201870
00679628201887
00679628201894
00679628201900
00679628201917
00679628201924
00679628201931
00679628201948
00679628201955
00679628201962
00679628201979
00679628201993
00679628202006
00679628202013
00679628202020
00679628202037
00679628202044
00679628202051
00679628202068
00679628202075
00679628202082
00679628202099
00679628202112
00679628202129
00679628202143
00679628202150
00679628202167
00679628202174
00679628202181
00679628202198
00679628202204
00679628202211
00679628202228
00679628202235
00679628202242
00679628202259
00679628202273
00679628202280
00679628202297
00679628202303
00679628202310
00679628202327
00679628202334
00679628202341
00679628202358
00679628202365
00679628202372
00679628202389
00679628202402
00679628202419
00679628202433
00679628202440
00679628202457
00679628202464
00679628202471
00679628202488
00679628202495
00679628202501
00679628202518
00679628202525
00679628202532
00679628202549
00679628202563
00679628202570
00679628202587
00679628202594
00679628202600
00679628202617
00679628202624
00679628202631
00679628202648
00679628202655
00679628202662
00679628202679
00679628202693
00679628202709
00679628202723
00679628202730
00679628202747
00679628202754
00679628202761
00679628202778
00679628202785
00679628202792
00679628202808
00679628202815
00679628202822
00679628202839
00679628202853
00679628202860
00679628202877
00679628202884
00679628202891
00679628202907
00679628202914
00679628202921
00679628202938
00679628202945
00679628202952
00679628202969
00679628202983
00679628202990
00679628203003
00679628203010
00679628203027
00679628203034
00679628203041
00679628203058
00679628203065
00679628203072
00679628203089
00679628203102
00679628203119
00679628203133
00679628203140
00679628203157
00679628203164
00679628203171
00679628203188
00679628203195
00679628203201
00679628203218
00679628203225
00679628203232
00679628203249
00679628203263
00679628203270
00679628203287
00679628203294
00679628203300
00679628203317
00679628203324
00679628203331
00679628203348
00679628203355
00679628203362
00679628203379
00679628203393
00679628203409
00679628203423
00679628203430
00679628203447
00679628203454
00679628203461
00679628203478
00679628203485
00679628203492
00679628203508
00679628203515
00679628203522
00679628203539
00679628203553
00679628203560
00679628203577
00679628203584
00679628203591
00679628203607
00679628203614
00679628203621
00679628203638
00679628203645
00679628203652
00679628203669
00679628203683
00679628203690
00679628203706
00679628203713
00679628203720
00679628203737
00679628203744
00679628203751
00679628203768
00679628203775
00679628203782
00679628203799
00679628203812
00679628203829
00679628203843
00679628203850
00679628203867
00679628203874
00679628203881
00679628203898
00679628203904
00679628203911
00679628203928
00679628203935
00679628203942
00679628203959
00679628203973
00679628203980
00679628203997
00679628204000
00679628204017
00679628204024
00679628204031
00679628204048
00679628204055
00679628204062
00679628204079
00679628204093
00679628204109
00679628204123
00679628204130
00679628204147
00679628204154
00679628204161
00679628204178
00679628204185
00679628204192
00679628204208
00679628204215
00679628204222
00679628204239
00679628204253
00679628204260
00679628204277
00679628204284
00679628204291
00679628204307
00679628204314
00679628204321
00679628204338
00679628204345
00679628204352
00679628204369
00679628204383
00679628204390
00679628204406
00679628204413
00679628204420
00679628204437
00679628204444
00679628204451
00679628204468
00679628204475
00679628204482
00679628204499
00679628204512
00679628204529
00679628204543
00679628204550
00679628204567
00679628204574
00679628204581
00679628204598
00679628204604
00679628204611
00679628204628
00679628204635
00679628204642
00679628204659
00679628204673
00679628204680
00679628204697
00679628204703
00679628204710
00679628204727
00679628204734
00679628204741
00679628204758
00679628204765
00679628204772
00679628204789
00679628204802
00679628204819
00679628204833
00679628204840
00679628204857
00679628204864
00679628204871
00679628204888
00679628204895
00679628204901
00679628204918
00679628204925
00679628204932
00679628204949
00679628204963
00679628204970
00679628204987
00679628204994
00679628205007
00679628205014
00679628205021
00679628205038
00679628205045
00679628205052
00679628205069
00679628205083
00679628205090
00679628205106
00679628205113
00679628205120
00679628205137
00679628205144
00679628205151
00679628205168
00679628205175
00679628205182
00679628205199
00679628205212
00679628205229
00679628205243
00679628205250
00679628205267
00679628205274
00679628205281
00679628205298
00679628205304
00679628205311
00679628205328
00679628205335
00679628205342
00679628205359
00679628205373
00679628205380
00679628205397
00679628205403
00679628205410
00679628205427
00679628205434
00679628205441
00679628205458
00679628205465
00679628205472
00679628205489
00679628205502
00679628205519
00679628205533
00679628205540
00679628205557
00679628205564
00679628205571
00679628205588
00679628205595
00679628205601
00679628205618
00679628205625
00679628205632
00679628205649
00679628205663
00679628205670
00679628205687
00679628205694
00679628205700
00679628205717
00679628205724
00679628205731
00679628205748
00679628205755
00679628205762
00679628205779
00679628205793
00679628205809
00679628205823
00679628205830
00679628205847
00679628205854
00679628205861
00679628205878
00679628205885
00679628205892
00679628205908
00679628205915
00679628205922
00679628205939
00679628205953
00679628205960
00679628205977
00679628205984
00679628205991
00679628206004
00679628206011
00679628206028
00679628206035
00679628206042
00679628206059
00679628206073
00679628206080
00679628206097
00679628206103
00679628206110
00679628206127
00679628206134
00679628206141
00679628206158
00679628206165
00679628206172
00679628206189
00679628206202
00679628206219
00679628206233
00679628206240
00679628206257
00679628206264
00679628206271
00679628206288
00679628206295
00679628206301
00679628206318
00679628206325
00679628206332
00679628206349
00679628206363
00679628206370
00679628206387
00679628206394
00679628206400
00679628206417
00679628206424
00679628206431
00679628206448
00679628206455
00679628206462
00679628206479
00679628206493
00679628206509
00679628206523
00679628206530
00679628206547
00679628206554
00679628206561
00679628206578
00679628206585
00679628206592
00679628206608
00679628206615
00679628206622
00679628206639
00679628206653
00679628206660
00679628206677
00679628206684
00679628206691
00679628206707
00679628206714
00679628206721
00679628206738
00679628206745
00679628206752
00679628206769
00679628206783
00679628206790
00679628206806
00679628206813
00679628206820
00679628206837
00679628206844
00679628206851
00679628206868
00679628206875
00679628206882
00679628206899
00679628206912
00679628206929
00679628206943
00679628206950
00679628206967
00679628206974
00679628206981
00679628206998
00679628207001
00679628207018
00679628207025
00679628207032
00679628207049
00679628207063
00679628207070
00679628207087
00679628207094
00679628207100
00679628207117
00679628207124
00679628207131
00679628207148
00679628207155
00679628207162
00679628207179
00679628207193
00679628207209
00679628207223
00679628207230
00679628207247
00679628207254
00679628207261
00679628207278
00679628207285
00679628207292
00679628207308
00679628207315
00679628207322
00679628207339
00679628207353
00679628207360
00679628207377
00679628207384
00679628207391
00679628207407
00679628207414
00679628207421
00679628207438
00679628207445
00679628207452
00679628207469
00679628207483
00679628207490
00679628207506
00679628207513
00679628207520
00679628207537
00679628207544
00679628207551
00679628207568
00679628207575
00679628207582
00679628207599
00679628207612
00679628207629
00679628207643
00679628207650
00679628207667
00679628207674
00679628207681
00679628207698
00679628207704
00679628207711
00679628207728
00679628207735
00679628207742
00679628207759
00679628207773
00679628207780
00679628207797
00679628207803
00679628207810
00679628207827
00679628207834
00679628207841
00679628207858
00679628207865
00679628207872
00679628207889
00679628207902
00679628207919
00679628207933
00679628207940
00679628207957
00679628207964
00679628207971
00679628207988
00679628207995
00679628208008
00679628208015
00679628208022
00679628208039
00679628208053
00679628208060
00679628208077
00679628208084
00679628208091
00679628208107
00679628208114
00679628208121
00679628208138
00679628208145
00679628208152
00679628208169
00679628208183
00679628208190
00679628208206
00679628208213
00679628208220
00679628208237
00679628208244
00679628208251
00679628208268
00679628208275
00679628208282
00679628208299
00679628208312
00679628208329
00679628208343
00679628208350
00679628208367
00679628208374
00679628208381
00679628208398
00679628208404
00679628208411
00679628208428
00679628208435
00679628208442
00679628208459
00679628208473
00679628208480
00679628208497
00679628208503
00679628208510
00679628208527
00679628208534
00679628208541
00679628208558
00679628208565
00679628208572
00679628208589
00679628208602
00679628208619
00679628208633
00679628208640
00679628208657
00679628208664
00679628208671
00679628208688
00679628208695
00679628208701
00679628208718
00679628208725
00679628208732
00679628208749
00679628208763
00679628208770
00679628208787
00679628208794
00679628208800
00679628208817
00679628208824
00679628208831
00679628208848
00679628208855
00679628208862
00679628208879
00679628208893
00679628208909
00679628208923
00679628208930
00679628208947
00679628208954
00679628208961
00679628208978
00679628208985
00679628208992
00679628209005
00679628209012
00679628209029
00679628209043
00679628209050
00679628209067
00679628209074
00679628209081
00679628209098
00679628209104
00679628209111
00679628209128
00679628209135
00679628209142
00679628209159
00679628209173
00679628209180
00679628209197
00679628209203
00679628209210
00679628209227
00679628209234
00679628209241
00679628209258
00679628209265
00679628209272
00679628209289
00679628209302
00679628209319
00679628209333
00679628209340
00679628209357
00679628209364
00679628209371
00679628209388
00679628209395
00679628209401
00679628209418
00679628209425
00679628209432
00679628209449
00679628209463
00679628209470
00679628209487
00679628209494
00679628209500
00679628209517
00679628209524
00679628209531
00679628209548
00679628209555
00679628209562
00679628209579
00679628209593
00679628209609
00679628209623
00679628209630
00679628209647
00679628209654
00679628209661
00679628209678
00679628209685
00679628209692
00679628209708
00679628209715
00679628209722
00679628209739
00679628209753
00679628209760
00679628209777
00679628209784
00679628209791
00679628209807
00679628209814
00679628209821
00679628209838
00679628209845
00679628209852
00679628209869
00679628209883
00679628209890
00679628209906
00679628209913
00679628209920
00679628209937
00679628209944
00679628209951
00679628209968
00679628209975
00679628209982
00679628209999
00679628210018
00679628210025
00679628210032
00679628210049
00679628210063
00679628210070
00679628210087
00679628210094
00679628210100
00679628210117
00679628210124
00679628210131
00679628210148
00679628210155
00679628210162
00679628210179
00679628210193
00679628210209
00679628210223
00679628210230
00679628210247
00679628210254
00679628210261
00679628210278
00679628210285
00679628210292
00679628210308
00679628210315
00679628210322
00679628210339
00679628210353
00679628210360
00679628210377
00679628210384
00679628210391
00679628210407
00679628210414
00679628210421
00679628210438
00679628210445
00679628210452
00679628210469
00679628210483
00679628210490
00679628210506
00679628210513
00679628210520
00679628210537
00679628210544
00679628210551
00679628210568
00679628210575
00679628210582
00679628210599
00679628210612
00679628210629
00679628210643
00679628210650
00679628210667
00679628210674
00679628210681
00679628210698
00679628210704
00679628210711
00679628210728
00679628210735
00679628210742
00679628210759
00679628210773
00679628210780
00679628210797
00679628210803
00679628210810
00679628210827
00679628210834
00679628210841
00679628210858
00679628210865
00679628210872
00679628210889
00679628210902
00679628210919
00679628210933
00679628210940
00679628210957
00679628210964
00679628210971
00679628210988
00679628210995
00679628211008
00679628211015
00679628211022
00679628211039
00679628211053
00679628211060
00679628211077
00679628211084
00679628211091
00679628211107
00679628211114
00679628211121
00679628211138
00679628211145
00679628211152
00679628211169
00679628211183
00679628211190
00679628211206
00679628211213
00679628211220
00679628211237
00679628211244
00679628211251
00679628211268
00679628211275
00679628211282
00679628211299
00679628211312
00679628211329
00679628211343
00679628211350
00679628211367
00679628211374
00679628211381
00679628211398
00679628211404
00679628211411
00679628211428
00679628211435
00679628211442
00679628211459
00679628211473
00679628211480
00679628211497
00679628211503
00679628211510
00679628211527
00679628211534
00679628211541
00679628211558
00679628211565
00679628211572
00679628211589
00679628211602
00679628211619
00679628211633
00679628211640
00679628211657
00679628211664
00679628211671
00679628211688
00679628211695
00679628211701
00679628211718
00679628211725
00679628211732
00679628211749
00679628211763
00679628211770
00679628211787
00679628211794
00679628211800
00679628211817
00679628211824
00679628211831
00679628211848
00679628211855
00679628211862
00679628211879
00679628211893
00679628211909
00679628211923
00679628211930
00679628211947
00679628211954
00679628211961
00679628211978
00679628211985
00679628211992
00679628212005
00679628212012
00679628212029
00679628212043
00679628212050
00679628212067
00679628212074
00679628212081
00679628212098
00679628212104
00679628212111
00679628212128
00679628212135
00679628212142
00679628212159
00679628212173
00679628212180
00679628212197
00679628212203
00679628212210
00679628212227
00679628212234
00679628212241
00679628212258
00679628212265
00679628212272
00679628212289
00679628212302
00679628212319
00679628212333
00679628212340
00679628212357
00679628212364
00679628212371
00679628212388
00679628212395
00679628212401
00679628212418
00679628212425
00679628212432
00679628212449
00679628212463
00679628212470
00679628212487
00679628212494
00679628212500
00679628212517
00679628212524
00679628212531
00679628212548
00679628212555
00679628212562
00679628212579
00679628212593
00679628212609
00679628212616
00679628212623
00679628212630
