00710859243144
00710859243151
00710859243168
00710859243175
00710859243182
00710859243199
00710859243205
00710859243212
00710859243229
00710859243236
00710859243243
00710859243250
00710859243267
00710859243274
00710859243281
00710859243298
00710859243304
00710859243311
00710859243328
00710859243335
00710859243342
00710859243359
00710859243366
00710859243373
00710859243380
00710859243397
00710859243403
00710859243427
00710859243434
00710859243441
00710859243465
00710859243472
00710859243489
00710859243496
00710859243502
00710859243519
00710859243526
00710859243533
00710859243540
00710859243557
00710859243564
00710859243571
00710859243588
00710859243595
00710859243601
00710859243618
00710859243625
00710859243632
00710859243649
00710859243656
