00710859243144
00710859243151
00710859243168
00710859243175
00710859243182
00710859243199
00710859243205
00710859243212
00710859243229
00710859243236
00710859243243
00710859243250
00710859243267
00710859243274
00710859243281
00710859243298
00710859243304
00710859243311
00710859243328
00710859243335
00710859243342
00710859243359
00710859243366
00710859243373
00710859243380
00710859243397
00710859243403
00710859243427
00710859243434
00710859243441
00710859243465
00710859243472
00710859243489
00710859243496
00710859243502
00710859243519
00710859243526
00710859243533
00710859243540
00710859243557
00710859243564
00710859243571
00710859243588
00710859243595
00710859243601
00710859243618
00710859243625
00710859243632
00710859243649
00710859243656
00710859243663
00710859243670
00710859243687
00710859243694
00710859243700
00710859243717
00710859243724
00710859243731
00710859243748
00710859243755
00710859243762
00710859243779
00710859243786
00710859243793
00710859243809
00710859243816
00710859243823
00710859243830
00710859243847
00710859243854
00710859243861
00710859243878
00710859243885
00710859243892
00710859243908
00710859243915
00710859243922
00710859243939
00710859243946
00710859243953
00710859243960
00710859243977
00710859243984
00710859243991
00710859244004
00710859244011
00710859244028
00710859244035
00710859244042
00710859244059
00710859244066
00710859244073
00710859244080
00710859244097
00710859244103
00710859244110
00710859244127
00710859244134
00710859244141
00710859244158
