00679628201535
00679628201542
00679628201559
00679628201573
00679628201580
00679628201597
00679628201603
00679628201610
00679628201627
00679628201634
00679628201641
00679628201658
00679628201665
00679628201672
00679628201689
00679628201702
00679628201719
00679628201733
00679628201740
00679628201757
00679628201764
00679628201771
00679628201788
00679628201795
00679628201801
00679628201818
00679628201825
00679628201832
00679628201849
00679628201863
00679628201870
00679628201887
00679628201894
00679628201900
00679628201917
00679628201924
00679628201931
00679628201948
00679628201955
00679628201962
00679628201979
00679628201993
00679628202006
00679628202013
00679628202020
00679628202037
00679628202044
00679628202051
00679628202068
00679628202075
00679628202082
00679628202099
00679628202112
00679628202129
00679628202143
00679628202150
00679628202167
00679628202174
00679628202181
00679628202198
00679628202204
00679628202211
00679628202228
00679628202235
00679628202242
00679628202259
00679628202273
00679628202280
00679628202297
00679628202303
00679628202310
00679628202327
00679628202334
00679628202341
00679628202358
00679628202365
00679628202372
00679628202389
00679628202402
00679628202419
00679628202433
00679628202440
00679628202457
00679628202464
00679628202471
00679628202488
00679628202495
00679628202501
00679628202518
00679628202525
00679628202532
00679628202549
00679628202563
00679628202570
00679628202587
00679628202594
00679628202600
00679628202617
00679628202624
00679628202631
00679628202648
00679628202655
00679628202662
00679628202679
00679628202693
00679628202709
00679628202723
00679628202730
00679628202747
00679628202754
00679628202761
00679628202778
00679628202785
00679628202792
00679628202808
00679628202815
00679628202822
00679628202839
00679628202853
00679628202860
00679628202877
00679628202884
00679628202891
00679628202907
00679628202914
00679628202921
00679628202938
00679628202945
00679628202952
00679628202969
00679628202983
00679628202990
00679628203003
00679628203010
00679628203027
00679628203034
00679628203041
00679628203058
00679628203065
00679628203072
00679628203089
00679628203102
00679628203119
00679628203133
00679628203140
00679628203157
00679628203164
00679628203171
00679628203188
00679628203195
00679628203201
00679628203218
00679628203225
00679628203232
00679628203249
00679628203263
00679628203270
00679628203287
00679628203294
00679628203300
00679628203317
00679628203324
00679628203331
00679628203348
00679628203355
00679628203362
00679628203379
00679628203393
00679628203409
00679628203423
00679628203430
00679628203447
00679628203454
00679628203461
00679628203478
00679628203485
00679628203492
00679628203508
00679628203515
00679628203522
00679628203539
00679628203553
00679628203560
00679628203577
00679628203584
00679628203591
00679628203607
00679628203614
00679628203621
00679628203638
00679628203645
00679628203652
00679628203669
00679628203683
00679628203690
00679628203706
00679628203713
00679628203720
00679628203737
00679628203744
00679628203751
00679628203768
00679628203775
00679628203782
00679628203799
00679628203812
00679628203829
00679628203843
00679628203850
00679628203867
00679628203874
00679628203881
00679628203898
00679628203904
00679628203911
00679628203928
00679628203935
00679628203942
00679628203959
00679628203973
00679628203980
00679628203997
00679628204000
00679628204017
00679628204024
00679628204031
00679628204048
00679628204055
00679628204062
00679628204079
00679628204093
00679628204109
00679628204123
00679628204130
00679628204147
00679628204154
00679628204161
00679628204178
00679628204185
00679628204192
00679628204208
00679628204215
00679628204222
00679628204239
00679628204253
00679628204260
00679628204277
00679628204284
00679628204291
00679628204307
00679628204314
00679628204321
00679628204338
00679628204345
00679628204352
00679628204369
00679628204383
00679628204390
00679628204406
00679628204413
00679628204420
00679628204437
00679628204444
00679628204451
00679628204468
00679628204475
00679628204482
00679628204499
00679628204512
00679628204529
00679628204543
00679628204550
00679628204567
00679628204574
00679628204581
00679628204598
00679628204604
00679628204611
00679628204628
00679628204635
00679628204642
00679628204659
00679628204673
00679628204680
00679628204697
00679628204703
00679628204710
00679628204727
00679628204734
00679628204741
00679628204758
00679628204765
00679628204772
00679628204789
00679628204802
00679628204819
00679628204833
00679628204840
00679628204857
00679628204864
00679628204871
00679628204888
00679628204895
00679628204901
00679628204918
00679628204925
00679628204932
00679628204949
00679628204963
00679628204970
00679628204987
00679628204994
00679628205007
00679628205014
00679628205021
00679628205038
00679628205045
00679628205052
00679628205069
00679628205083
00679628205090
00679628205106
00679628205113
00679628205120
00679628205137
00679628205144
00679628205151
00679628205168
00679628205175
00679628205182
00679628205199
00679628205212
00679628205229
00679628205243
00679628205250
00679628205267
00679628205274
00679628205281
00679628205298
00679628205304
00679628205311
00679628205328
00679628205335
00679628205342
00679628205359
00679628205373
00679628205380
00679628205397
00679628205403
00679628205410
00679628205427
00679628205434
00679628205441
00679628205458
00679628205465
00679628205472
00679628205489
00679628205502
00679628205519
00679628205533
00679628205540
00679628205557
00679628205564
00679628205571
00679628205588
00679628205595
00679628205601
00679628205618
00679628205625
00679628205632
00679628205649
00679628205663
00679628205670
00679628205687
00679628205694
00679628205700
00679628205717
00679628205724
00679628205731
00679628205748
00679628205755
00679628205762
00679628205779
00679628205793
00679628205809
00679628205823
00679628205830
00679628205847
00679628205854
00679628205861
00679628205878
00679628205885
00679628205892
00679628205908
00679628205915
00679628205922
00679628205939
00679628205953
00679628205960
00679628205977
00710859243144
00710859243151
00710859243168
00710859243175
00710859243182
00710859243199
