00710859243144
00710859243151
00710859243168
00710859243175
00710859243182
00710859243199
00710859243205
00710859243212
00710859243229
00710859243236
00710859243243
00710859243250
00710859243267
00710859243274
00710859243281
00710859243298
00710859243304
00710859243311
00710859243328
00710859243335
00710859243342
00710859243359
00710859243366
00710859243373
00710859243380
00710859243397
00710859243403
00710859243427
00710859243434
00710859243441
00710859243465
00710859243472
00710859243489
00710859243496
00710859243502
00710859243519
00710859243526
00710859243533
00710859243540
00710859243557
00710859243564
00710859243571
00710859243588
00710859243595
00710859243601
00710859243618
00710859243625
00710859243632
00710859243649
00710859243656
00710859243663
00710859243670
00710859243687
00710859243694
00710859243700
00710859243717
00710859243724
00710859243731
00710859243748
00710859243755
00710859243762
00710859243779
00710859243786
00710859243793
00710859243809
00710859243816
00710859243823
00710859243830
00710859243847
00710859243854
00710859243861
00710859243878
00710859243885
00710859243892
00710859243908
00710859243915
00710859243922
00710859243939
00710859243946
00710859243953
00710859243960
00710859243977
00710859243984
00710859243991
00710859244004
00710859244011
00710859244028
00710859244035
00710859244042
00710859244059
00710859244066
00710859244073
00710859244080
00710859244097
00710859244103
00710859244110
00710859244127
00710859244134
00710859244141
00710859244158
00710859244165
00710859244172
00710859244189
00710859244196
00710859244202
00710859244219
00710859244226
00710859244233
00710859244240
00710859244257
00710859244264
00710859244271
00710859244288
00710859244295
00710859244301
00710859244318
00710859244325
00710859244332
00710859244349
00710859244356
00710859244363
00710859244370
00710859244387
00710859244394
00710859244417
00710859244424
00710859244431
00710859244448
00710859244455
00710859244462
00710859244479
00710859244486
00710859244493
00710859244509
00710859244516
00710859244523
00710859244530
00710859244547
00710859244554
00710859244561
00710859244578
00710859244585
00710859244592
00710859244608
00710859244615
00710859244622
00710859244639
00710859244646
00710859244653
00710859244660
00710859244677
00710859244684
00710859244691
00710859244707
00710859244714
00710859244738
00710859244745
00710859244752
00710859244769
00710859244776
00710859244783
00710859244790
00710859244806
00710859244813
00710859244820
00710859244837
00710859244844
00710859244851
00710859244868
00710859244875
00710859244882
00710859244899
00710859244905
00710859244912
00710859244929
00710859244936
00710859244943
00710859244950
00710859244967
00710859244974
00710859244981
00710859244998
00710859245001
00710859245018
00710859245025
00710859245032
00710859245049
00710859245056
00710859245063
00710859245070
00710859245087
00710859245094
00710859245100
00710859245117
00710859245124
00710859245131
00710859245148
00710859245155
00710859245162
00710859245179
00710859245186
00710859245193
00710859245209
00710859245216
00710859245223
00710859245230
00710859245247
00710859245254
00710859245261
00710859245278
00710859245285
00710859245292
00710859245308
00710859245315
00710859245322
00710859245339
00710859245346
00710859245353
00710859245360
00710859245377
00710859245384
00710859245391
00710859245407
00710859245414
00710859245421
00710859245438
00710859245445
00710859245452
00710859245469
00710859245476
00710859245483
00710859245490
00710859245506
00710859245513
00710859245520
00710859245537
00710859245544
00710859245551
00710859245568
00710859245575
00710859245582
00710859245599
00710859245605
00710859245612
00710859245629
00710859245636
00710859245643
00710859245650
00710859245667
00710859245674
00710859245681
00710859245698
00710859245704
00710859245711
00710859245728
00710859245735
00710859245742
00710859245759
00710859245766
00710859245773
00710859245780
00710859245797
00710859245803
00710859245810
00710859245827
00710859245834
00710859245841
00710859245858
00710859245865
00710859245872
00710859245889
00710859245896
00710859245902
00710859245919
00710859245926
00710859245933
00710859245940
00710859245957
00710859245964
00710859245971
00710859245988
00710859245995
00710859246008
00710859246015
00710859246022
00710859246039
00710859246046
00710859246053
00710859246060
00710859246077
00710859246084
00710859246091
00710859246107
00710859246114
00710859246121
00710859246138
00710859246145
00710859246169
00710859246176
00710859246183
