710859243144
710859243151
710859243168
710859243175
710859243182
710859243199
710859243205
710859243212
710859243229
710859243236
710859243243
710859243250
710859243267
710859243274
710859243281
710859243298
710859243304
710859243311
710859243328
710859243335
710859243342
710859243359
710859243366
710859243373
710859243380
710859243397
710859243403
710859243427
710859243434
710859243441
710859243465
710859243472
710859243489
710859243496
710859243502
710859243519
710859243526
710859243533
710859243540
710859243557
710859243564
710859243571
710859243588
710859243595
710859243601
710859243618
710859243625
710859243632
710859243649
710859243656
