679628201535
679628201542
679628201559
679628201573
679628201580
679628201597
679628201603
679628201610
679628201627
679628201634
679628201641
679628201658
679628201665
679628201672
679628201689
679628201702
679628201719
679628201733
679628201740
679628201757
679628201764
679628201771
679628201788
679628201795
679628201801
679628201818
679628201825
679628201832
679628201849
679628201863
679628201870
679628201887
679628201894
679628201900
679628201917
679628201924
679628201931
679628201948
679628201955
679628201962
679628201979
679628201993
679628202006
679628202013
679628202020
679628202037
679628202044
679628202051
679628202068
679628202075
679628202082
679628202099
679628202112
679628202129
679628202143
679628202150
679628202167
679628202174
679628202181
679628202198
679628202204
679628202211
679628202228
679628202235
679628202242
679628202259
679628202273
679628202280
679628202297
679628202303
679628202310
679628202327
679628202334
679628202341
679628202358
679628202365
679628202372
679628202389
679628202402
679628202419
679628202433
679628202440
679628202457
679628202464
679628202471
679628202488
679628202495
679628202501
679628202518
679628202525
679628202532
679628202549
679628202563
679628202570
679628202587
679628202594
679628202600
679628202617
679628202624
679628202631
679628202648
679628202655
679628202662
679628202679
679628202693
679628202709
679628202723
679628202730
679628202747
679628202754
679628202761
679628202778
679628202785
679628202792
679628202808
679628202815
679628202822
679628202839
679628202853
679628202860
679628202877
679628202884
679628202891
679628202907
679628202914
679628202921
679628202938
679628202945
679628202952
679628202969
679628202983
679628202990
679628203003
679628203010
679628203027
679628203034
679628203041
679628203058
679628203065
679628203072
679628203089
679628203102
679628203119
679628203133
679628203140
679628203157
679628203164
679628203171
679628203188
679628203195
679628203201
679628203218
679628203225
679628203232
679628203249
679628203263
679628203270
679628203287
679628203294
679628203300
679628203317
679628203324
679628203331
679628203348
679628203355
679628203362
679628203379
679628203393
679628203409
679628203423
679628203430
679628203447
679628203454
679628203461
679628203478
679628203485
679628203492
679628203508
679628203515
679628203522
679628203539
679628203553
679628203560
679628203577
679628203584
679628203591
679628203607
679628203614
679628203621
679628203638
679628203645
679628203652
679628203669
679628203683
679628203690
679628203706
679628203713
679628203720
679628203737
679628203744
679628203751
679628203768
679628203775
679628203782
679628203799
679628203812
679628203829
679628203843
679628203850
679628203867
679628203874
679628203881
679628203898
679628203904
679628203911
679628203928
679628203935
679628203942
679628203959
679628203973
679628203980
679628203997
679628204000
679628204017
679628204024
679628204031
679628204048
679628204055
679628204062
679628204079
679628204093
679628204109
679628204123
679628204130
679628204147
679628204154
679628204161
679628204178
679628204185
679628204192
679628204208
679628204215
679628204222
679628204239
679628204253
679628204260
679628204277
679628204284
679628204291
679628204307
679628204314
679628204321
679628204338
679628204345
679628204352
679628204369
679628204383
679628204390
679628204406
679628204413
679628204420
679628204437
679628204444
679628204451
679628204468
679628204475
679628204482
679628204499
679628204512
679628204529
679628204543
679628204550
679628204567
679628204574
679628204581
679628204598
679628204604
679628204611
679628204628
679628204635
679628204642
679628204659
679628204673
679628204680
679628204697
679628204703
679628204710
679628204727
679628204734
679628204741
679628204758
679628204765
679628204772
679628204789
679628204802
679628204819
679628204833
679628204840
679628204857
679628204864
679628204871
679628204888
679628204895
679628204901
679628204918
679628204925
679628204932
679628204949
679628204963
679628204970
679628204987
679628204994
679628205007
679628205014
679628205021
679628205038
679628205045
679628205052
679628205069
679628205083
679628205090
679628205106
679628205113
679628205120
679628205137
679628205144
679628205151
679628205168
679628205175
679628205182
679628205199
679628205212
679628205229
679628205243
679628205250
679628205267
679628205274
679628205281
679628205298
679628205304
679628205311
679628205328
679628205335
679628205342
679628205359
679628205373
679628205380
679628205397
679628205403
679628205410
679628205427
679628205434
679628205441
679628205458
679628205465
679628205472
679628205489
679628205502
679628205519
679628205533
679628205540
679628205557
679628205564
679628205571
679628205588
679628205595
679628205601
679628205618
679628205625
679628205632
679628205649
679628205663
679628205670
679628205687
679628205694
679628205700
679628205717
679628205724
679628205731
679628205748
679628205755
679628205762
679628205779
679628205793
679628205809
679628205823
679628205830
679628205847
679628205854
679628205861
679628205878
679628205885
679628205892
679628205908
679628205915
679628205922
679628205939
679628205953
679628205960
679628205977
710859243144
710859243151
710859243168
710859243175
710859243182
710859243199
