710859243144
710859243151
710859243168
710859243175
710859243182
710859243199
710859243205
710859243212
710859243229
710859243236
710859243243
710859243250
710859243267
710859243274
710859243281
710859243298
710859243304
710859243311
710859243328
710859243335
710859243342
710859243359
710859243366
710859243373
710859243380
710859243397
710859243403
710859243427
710859243434
710859243441
710859243465
710859243472
710859243489
710859243496
710859243502
710859243519
710859243526
710859243533
710859243540
710859243557
710859243564
710859243571
710859243588
710859243595
710859243601
710859243618
710859243625
710859243632
710859243649
710859243656
710859243663
710859243670
710859243687
710859243694
710859243700
710859243717
710859243724
710859243731
710859243748
710859243755
710859243762
710859243779
710859243786
710859243793
710859243809
710859243816
710859243823
710859243830
710859243847
710859243854
710859243861
710859243878
710859243885
710859243892
710859243908
710859243915
710859243922
710859243939
710859243946
710859243953
710859243960
710859243977
710859243984
710859243991
710859244004
710859244011
710859244028
710859244035
710859244042
710859244059
710859244066
710859244073
710859244080
710859244097
710859244103
710859244110
710859244127
710859244134
710859244141
710859244158
