710859243144
710859243151
710859243168
710859243175
710859243182
710859243199
710859243205
710859243212
710859243229
710859243236
710859243243
710859243250
710859243267
710859243274
710859243281
710859243298
710859243304
710859243311
710859243328
710859243335
710859243342
710859243359
710859243366
710859243373
710859243380
710859243397
710859243403
710859243427
710859243434
710859243441
710859243465
710859243472
710859243489
710859243496
710859243502
710859243519
710859243526
710859243533
710859243540
710859243557
710859243564
710859243571
710859243588
710859243595
710859243601
710859243618
710859243625
710859243632
710859243649
710859243656
710859243663
710859243670
710859243687
710859243694
710859243700
710859243717
710859243724
710859243731
710859243748
710859243755
710859243762
710859243779
710859243786
710859243793
710859243809
710859243816
710859243823
710859243830
710859243847
710859243854
710859243861
710859243878
710859243885
710859243892
710859243908
710859243915
710859243922
710859243939
710859243946
710859243953
710859243960
710859243977
710859243984
710859243991
710859244004
710859244011
710859244028
710859244035
710859244042
710859244059
710859244066
710859244073
710859244080
710859244097
710859244103
710859244110
710859244127
710859244134
710859244141
710859244158
710859244165
710859244172
710859244189
710859244196
710859244202
710859244219
710859244226
710859244233
710859244240
710859244257
710859244264
710859244271
710859244288
710859244295
710859244301
710859244318
710859244325
710859244332
710859244349
710859244356
710859244363
710859244370
710859244387
710859244394
710859244417
710859244424
710859244431
710859244448
710859244455
710859244462
710859244479
710859244486
710859244493
710859244509
710859244516
710859244523
710859244530
710859244547
710859244554
710859244561
710859244578
710859244585
710859244592
710859244608
710859244615
710859244622
710859244639
710859244646
710859244653
710859244660
710859244677
710859244684
710859244691
710859244707
710859244714
710859244738
710859244745
710859244752
710859244769
710859244776
710859244783
710859244790
710859244806
710859244813
710859244820
710859244837
710859244844
710859244851
710859244868
710859244875
710859244882
710859244899
710859244905
710859244912
710859244929
710859244936
710859244943
710859244950
710859244967
710859244974
710859244981
710859244998
710859245001
710859245018
710859245025
710859245032
710859245049
710859245056
710859245063
710859245070
710859245087
710859245094
710859245100
710859245117
710859245124
710859245131
710859245148
710859245155
710859245162
710859245179
710859245186
710859245193
710859245209
710859245216
710859245223
710859245230
710859245247
710859245254
710859245261
710859245278
710859245285
710859245292
710859245308
710859245315
710859245322
710859245339
710859245346
710859245353
710859245360
710859245377
710859245384
710859245391
710859245407
710859245414
710859245421
710859245438
710859245445
710859245452
710859245469
710859245476
710859245483
710859245490
710859245506
710859245513
710859245520
710859245537
710859245544
710859245551
710859245568
710859245575
710859245582
710859245599
710859245605
710859245612
710859245629
710859245636
710859245643
710859245650
710859245667
710859245674
710859245681
710859245698
710859245704
710859245711
710859245728
710859245735
710859245742
710859245759
710859245766
710859245773
710859245780
710859245797
710859245803
710859245810
710859245827
710859245834
710859245841
710859245858
710859245865
710859245872
710859245889
710859245896
710859245902
710859245919
710859245926
710859245933
710859245940
710859245957
710859245964
710859245971
710859245988
710859245995
710859246008
710859246015
710859246022
710859246039
710859246046
710859246053
710859246060
710859246077
710859246084
710859246091
710859246107
710859246114
710859246121
710859246138
710859246145
710859246169
710859246176
710859246183
