679628201535
679628201542
679628201559
679628201573
679628201580
679628201597
679628201603
679628201610
679628201627
679628201634
679628201641
679628201658
679628201665
679628201672
679628201689
679628201702
679628201719
679628201733
679628201740
679628201757
679628201764
679628201771
679628201788
679628201795
679628201801
679628201818
679628201825
679628201832
679628201849
679628201863
679628201870
679628201887
679628201894
679628201900
679628201917
679628201924
679628201931
679628201948
679628201955
679628201962
679628201979
679628201993
679628202006
679628202013
679628202020
679628202037
679628202044
679628202051
679628202068
679628202075
679628202082
679628202099
679628202112
679628202129
679628202143
679628202150
679628202167
679628202174
679628202181
679628202198
679628202204
679628202211
679628202228
679628202235
679628202242
679628202259
679628202273
679628202280
679628202297
679628202303
679628202310
679628202327
679628202334
679628202341
679628202358
679628202365
679628202372
679628202389
679628202402
679628202419
679628202433
679628202440
679628202457
679628202464
679628202471
679628202488
679628202495
679628202501
679628202518
679628202525
679628202532
679628202549
679628202563
679628202570
679628202587
679628202594
679628202600
679628202617
679628202624
679628202631
679628202648
679628202655
679628202662
679628202679
679628202693
679628202709
679628202723
679628202730
679628202747
679628202754
679628202761
679628202778
679628202785
679628202792
679628202808
679628202815
679628202822
679628202839
679628202853
679628202860
679628202877
679628202884
679628202891
679628202907
679628202914
679628202921
679628202938
679628202945
679628202952
679628202969
679628202983
679628202990
679628203003
679628203010
679628203027
679628203034
679628203041
679628203058
679628203065
679628203072
679628203089
679628203102
679628203119
679628203133
679628203140
679628203157
679628203164
679628203171
679628203188
679628203195
679628203201
679628203218
679628203225
679628203232
679628203249
679628203263
679628203270
679628203287
679628203294
679628203300
679628203317
679628203324
679628203331
679628203348
679628203355
679628203362
679628203379
679628203393
679628203409
679628203423
679628203430
679628203447
679628203454
679628203461
679628203478
679628203485
679628203492
679628203508
679628203515
679628203522
679628203539
679628203553
679628203560
679628203577
679628203584
679628203591
679628203607
679628203614
679628203621
679628203638
679628203645
679628203652
679628203669
679628203683
679628203690
679628203706
679628203713
679628203720
679628203737
679628203744
679628203751
679628203768
679628203775
679628203782
679628203799
679628203812
679628203829
679628203843
679628203850
679628203867
679628203874
679628203881
679628203898
679628203904
679628203911
679628203928
679628203935
679628203942
679628203959
679628203973
679628203980
679628203997
679628204000
679628204017
679628204024
679628204031
679628204048
679628204055
679628204062
679628204079
679628204093
679628204109
679628204123
679628204130
679628204147
679628204154
679628204161
679628204178
679628204185
679628204192
679628204208
679628204215
679628204222
679628204239
679628204253
679628204260
679628204277
679628204284
679628204291
679628204307
679628204314
679628204321
679628204338
679628204345
679628204352
679628204369
679628204383
679628204390
679628204406
679628204413
679628204420
679628204437
679628204444
679628204451
679628204468
679628204475
679628204482
679628204499
679628204512
679628204529
679628204543
679628204550
679628204567
679628204574
679628204581
679628204598
679628204604
679628204611
679628204628
679628204635
679628204642
679628204659
679628204673
679628204680
679628204697
679628204703
679628204710
679628204727
679628204734
679628204741
679628204758
679628204765
679628204772
679628204789
679628204802
679628204819
679628204833
679628204840
679628204857
679628204864
679628204871
679628204888
679628204895
679628204901
679628204918
679628204925
679628204932
679628204949
679628204963
679628204970
679628204987
679628204994
679628205007
679628205014
679628205021
679628205038
679628205045
679628205052
679628205069
679628205083
679628205090
679628205106
679628205113
679628205120
679628205137
679628205144
679628205151
679628205168
679628205175
679628205182
679628205199
679628205212
679628205229
679628205243
679628205250
679628205267
679628205274
679628205281
679628205298
679628205304
679628205311
679628205328
679628205335
679628205342
679628205359
679628205373
679628205380
679628205397
679628205403
679628205410
679628205427
679628205434
679628205441
679628205458
679628205465
679628205472
679628205489
679628205502
679628205519
679628205533
679628205540
679628205557
679628205564
679628205571
679628205588
679628205595
679628205601
679628205618
679628205625
679628205632
679628205649
679628205663
679628205670
679628205687
679628205694
679628205700
679628205717
679628205724
679628205731
679628205748
679628205755
679628205762
679628205779
679628205793
679628205809
679628205823
679628205830
679628205847
679628205854
679628205861
679628205878
679628205885
679628205892
679628205908
679628205915
679628205922
679628205939
679628205953
679628205960
679628205977
679628205984
679628205991
679628206004
679628206011
679628206028
679628206035
679628206042
679628206059
679628206073
679628206080
679628206097
679628206103
679628206110
679628206127
679628206134
679628206141
679628206158
679628206165
679628206172
679628206189
679628206202
679628206219
679628206233
679628206240
679628206257
679628206264
679628206271
679628206288
679628206295
679628206301
679628206318
679628206325
679628206332
679628206349
679628206363
679628206370
679628206387
679628206394
679628206400
679628206417
679628206424
679628206431
679628206448
679628206455
679628206462
679628206479
679628206493
679628206509
679628206523
679628206530
679628206547
679628206554
679628206561
679628206578
679628206585
679628206592
679628206608
679628206615
679628206622
679628206639
679628206653
679628206660
679628206677
679628206684
679628206691
679628206707
679628206714
679628206721
679628206738
679628206745
679628206752
679628206769
679628206783
679628206790
679628206806
679628206813
679628206820
679628206837
679628206844
679628206851
679628206868
679628206875
679628206882
679628206899
679628206912
679628206929
679628206943
679628206950
679628206967
679628206974
679628206981
679628206998
679628207001
679628207018
679628207025
679628207032
679628207049
679628207063
679628207070
679628207087
679628207094
679628207100
679628207117
679628207124
679628207131
679628207148
679628207155
679628207162
679628207179
679628207193
679628207209
679628207223
679628207230
679628207247
679628207254
679628207261
679628207278
679628207285
679628207292
679628207308
679628207315
679628207322
679628207339
679628207353
679628207360
679628207377
679628207384
679628207391
679628207407
679628207414
679628207421
679628207438
679628207445
679628207452
679628207469
679628207483
679628207490
679628207506
679628207513
679628207520
679628207537
679628207544
679628207551
679628207568
679628207575
679628207582
679628207599
679628207612
679628207629
679628207643
679628207650
679628207667
679628207674
679628207681
679628207698
679628207704
679628207711
679628207728
679628207735
679628207742
679628207759
679628207773
679628207780
679628207797
679628207803
679628207810
679628207827
679628207834
679628207841
679628207858
679628207865
679628207872
679628207889
679628207902
679628207919
679628207933
679628207940
679628207957
679628207964
679628207971
679628207988
679628207995
679628208008
679628208015
679628208022
679628208039
679628208053
679628208060
679628208077
679628208084
679628208091
679628208107
679628208114
679628208121
679628208138
679628208145
679628208152
679628208169
679628208183
679628208190
679628208206
679628208213
679628208220
679628208237
679628208244
679628208251
679628208268
679628208275
679628208282
679628208299
679628208312
679628208329
679628208343
679628208350
679628208367
679628208374
679628208381
679628208398
679628208404
679628208411
679628208428
679628208435
679628208442
679628208459
679628208473
679628208480
679628208497
679628208503
679628208510
679628208527
679628208534
679628208541
679628208558
679628208565
679628208572
679628208589
679628208602
679628208619
679628208633
679628208640
679628208657
679628208664
679628208671
679628208688
679628208695
679628208701
679628208718
679628208725
679628208732
679628208749
679628208763
679628208770
679628208787
679628208794
679628208800
679628208817
679628208824
679628208831
679628208848
679628208855
679628208862
679628208879
679628208893
679628208909
679628208923
679628208930
679628208947
679628208954
679628208961
679628208978
679628208985
679628208992
679628209005
679628209012
679628209029
679628209043
679628209050
679628209067
679628209074
679628209081
679628209098
679628209104
679628209111
679628209128
679628209135
679628209142
679628209159
679628209173
679628209180
679628209197
679628209203
679628209210
679628209227
679628209234
679628209241
679628209258
679628209265
679628209272
679628209289
679628209302
679628209319
679628209333
679628209340
679628209357
679628209364
679628209371
679628209388
679628209395
679628209401
679628209418
679628209425
679628209432
679628209449
679628209463
679628209470
679628209487
679628209494
679628209500
679628209517
679628209524
679628209531
679628209548
679628209555
679628209562
679628209579
679628209593
679628209609
679628209623
679628209630
679628209647
679628209654
679628209661
679628209678
679628209685
679628209692
679628209708
679628209715
679628209722
679628209739
679628209753
679628209760
679628209777
679628209784
679628209791
679628209807
679628209814
679628209821
679628209838
679628209845
679628209852
679628209869
679628209883
679628209890
679628209906
679628209913
679628209920
679628209937
679628209944
679628209951
679628209968
679628209975
679628209982
679628209999
679628210018
679628210025
679628210032
679628210049
679628210063
679628210070
679628210087
679628210094
679628210100
679628210117
679628210124
679628210131
679628210148
679628210155
679628210162
679628210179
679628210193
679628210209
679628210223
679628210230
679628210247
679628210254
679628210261
679628210278
679628210285
679628210292
679628210308
679628210315
679628210322
679628210339
679628210353
679628210360
679628210377
679628210384
679628210391
679628210407
679628210414
679628210421
679628210438
679628210445
679628210452
679628210469
679628210483
679628210490
679628210506
679628210513
679628210520
679628210537
679628210544
679628210551
679628210568
679628210575
679628210582
679628210599
679628210612
679628210629
679628210643
679628210650
679628210667
679628210674
679628210681
679628210698
679628210704
679628210711
679628210728
679628210735
679628210742
679628210759
679628210773
679628210780
679628210797
679628210803
679628210810
679628210827
679628210834
679628210841
679628210858
679628210865
679628210872
679628210889
679628210902
679628210919
679628210933
679628210940
679628210957
679628210964
679628210971
679628210988
679628210995
679628211008
679628211015
679628211022
679628211039
679628211053
679628211060
679628211077
679628211084
679628211091
679628211107
679628211114
679628211121
679628211138
679628211145
679628211152
679628211169
679628211183
679628211190
679628211206
679628211213
679628211220
679628211237
679628211244
679628211251
679628211268
679628211275
679628211282
679628211299
679628211312
679628211329
679628211343
679628211350
679628211367
679628211374
679628211381
679628211398
679628211404
679628211411
679628211428
679628211435
679628211442
679628211459
679628211473
679628211480
679628211497
679628211503
679628211510
679628211527
679628211534
679628211541
679628211558
679628211565
679628211572
679628211589
679628211602
679628211619
679628211633
679628211640
679628211657
679628211664
679628211671
679628211688
679628211695
679628211701
679628211718
679628211725
679628211732
679628211749
679628211763
679628211770
679628211787
679628211794
679628211800
679628211817
679628211824
679628211831
679628211848
679628211855
679628211862
679628211879
679628211893
679628211909
679628211923
679628211930
679628211947
679628211954
679628211961
679628211978
679628211985
679628211992
679628212005
679628212012
679628212029
679628212043
679628212050
679628212067
679628212074
679628212081
679628212098
679628212104
679628212111
679628212128
679628212135
679628212142
679628212159
679628212173
679628212180
679628212197
679628212203
679628212210
679628212227
679628212234
679628212241
679628212258
679628212265
679628212272
679628212289
679628212302
679628212319
679628212333
679628212340
679628212357
679628212364
679628212371
679628212388
679628212395
679628212401
679628212418
679628212425
679628212432
679628212449
679628212463
679628212470
679628212487
679628212494
679628212500
679628212517
679628212524
679628212531
679628212548
679628212555
679628212562
679628212579
679628212593
679628212609
679628212616
679628212623
679628212630
